16 ,  513
14 ,  84
12 ,  183
7 ,  94
14 ,  354
8 ,  117
5 ,  62
17 ,  2759
6 ,  66
8 ,  98
18 ,  709
8 ,  97
6 ,  63
13 ,  187
38 ,  36972
11 ,  192
10 ,  83
13 ,  132
12 ,  165
12 ,  108
6 ,  43
7 ,  72
12 ,  632
12 ,  94
13 ,  327
24 ,  7680
8 ,  107
12 ,  195
7 ,  151
26 ,  2529
12 ,  231
10 ,  209
15 ,  422
18 ,  856
13 ,  108
20 ,  358
13 ,  526
6 ,  56
6 ,  120
14 ,  351
12 ,  725
21 ,  1854
12 ,  224
9 ,  160
14 ,  201
14 ,  481
11 ,  130
12 ,  271
8 ,  117
15 ,  349
16 ,  1004
14 ,  81
9 ,  87
19 ,  836
18 ,  1736
13 ,  226
7 ,  41
9 ,  196
13 ,  95
25 ,  2118
11 ,  259
18 ,  1784
12 ,  154
8 ,  63
11 ,  168
13 ,  176
13 ,  301
15 ,  301
11 ,  198
17 ,  1147
18 ,  1132
10 ,  127
9 ,  180
9 ,  113
9 ,  69
10 ,  183
18 ,  1441
5 ,  63
16 ,  551
17 ,  444
12 ,  437
14 ,  501
10 ,  196
14 ,  400
23 ,  9789
14 ,  327
9 ,  36
17 ,  1934
30 ,  133722
14 ,  684
22 ,  1454
18 ,  1229
14 ,  931
6 ,  78
17 ,  337
18 ,  1645
16 ,  342
21 ,  292
6 ,  80
3 ,  35
15 ,  191
10 ,  101
11 ,  153
8 ,  147
13 ,  332
12 ,  155
11 ,  195
13 ,  257
10 ,  132
8 ,  104
16 ,  321
22 ,  824
17 ,  957
12 ,  192
14 ,  167
10 ,  159
12 ,  263
10 ,  165
14 ,  966
9 ,  120
8 ,  59
16 ,  801
23 ,  5240
5 ,  73
21 ,  1437
5 ,  64
10 ,  120
20 ,  551
6 ,  64
14 ,  1643
11 ,  228
16 ,  565
9 ,  251
19 ,  594
10 ,  188
5 ,  60
10 ,  129
11 ,  103
27 ,  11662
7 ,  83
12 ,  156
8 ,  95
16 ,  993
7 ,  87
15 ,  236
19 ,  2985
12 ,  276
8 ,  146
13 ,  797
5 ,  66
12 ,  245
15 ,  1109
33 ,  125002
11 ,  176
13 ,  385
13 ,  282
13 ,  295
9 ,  117
10 ,  180
16 ,  1509
8 ,  116
8 ,  68
10 ,  157
12 ,  154
11 ,  243
13 ,  1481
21 ,  2395
14 ,  519
17 ,  520
15 ,  457
14 ,  115
6 ,  51
9 ,  105
16 ,  255
19 ,  5227
12 ,  109
5 ,  52
16 ,  382
6 ,  47
9 ,  198
10 ,  156
8 ,  73
28 ,  8932
25 ,  4925
16 ,  509
11 ,  67
18 ,  313
12 ,  156
23 ,  1212
6 ,  70
9 ,  93
11 ,  280
11 ,  144
8 ,  48
12 ,  306
10 ,  206
11 ,  263
32 ,  23008
18 ,  743
13 ,  396
7 ,  67
10 ,  242
2 ,  26
15 ,  554
16 ,  700
22 ,  1862
12 ,  97
20 ,  5626
9 ,  170
12 ,  90
18 ,  852
18 ,  1329
12 ,  309
16 ,  984
22 ,  2166
14 ,  482
16 ,  299
12 ,  120
18 ,  3044
24 ,  778
22 ,  545
14 ,  713
24 ,  1637
13 ,  289
16 ,  935
12 ,  84
15 ,  360
14 ,  901
11 ,  289
11 ,  298
5 ,  64
8 ,  110
13 ,  282
8 ,  61
27 ,  595
9 ,  172
13 ,  241
16 ,  286
12 ,  105
22 ,  2253
11 ,  253
12 ,  443
8 ,  67
7 ,  66
15 ,  519
9 ,  84
19 ,  838
9 ,  137
14 ,  277
17 ,  592
15 ,  225
14 ,  249
13 ,  479
11 ,  191
5 ,  51
15 ,  187
17 ,  786
10 ,  335
9 ,  83
11 ,  87
8 ,  79
11 ,  86
15 ,  461
8 ,  107
3 ,  29
11 ,  93
11 ,  151
8 ,  141
15 ,  586
10 ,  76
15 ,  610
21 ,  1187
12 ,  131
13 ,  408
5 ,  47
16 ,  2251
14 ,  597
6 ,  80
23 ,  2576
12 ,  473
20 ,  133
8 ,  131
30 ,  29773
14 ,  488
16 ,  827
11 ,  260
11 ,  159
14 ,  424
25 ,  3686
15 ,  285
6 ,  67
13 ,  450
15 ,  211
25 ,  1802
9 ,  138
16 ,  1193
9 ,  47
17 ,  1052
7 ,  80
13 ,  264
18 ,  1260
13 ,  168
10 ,  391
7 ,  78
13 ,  301
11 ,  72
20 ,  1364
8 ,  85
12 ,  204
17 ,  642
12 ,  289
14 ,  355
7 ,  83
5 ,  60
10 ,  176
7 ,  67
33 ,  59829
17 ,  308
13 ,  138
36 ,  357392
8 ,  101
12 ,  143
13 ,  214
9 ,  164
20 ,  3354
13 ,  192
12 ,  197
12 ,  526
13 ,  278
14 ,  564
20 ,  1010
24 ,  250
6 ,  62
14 ,  491
12 ,  137
9 ,  146
19 ,  333
24 ,  12141
18 ,  1797
5 ,  65
3 ,  26
13 ,  177
15 ,  424
7 ,  60
13 ,  390
17 ,  474
11 ,  229
15 ,  1189
24 ,  696
11 ,  195
19 ,  4082
13 ,  142
17 ,  376
9 ,  193
5 ,  66
19 ,  1513
9 ,  39
17 ,  704
28 ,  9387
20 ,  1292
7 ,  75
14 ,  331
16 ,  124
27 ,  19850
18 ,  437
8 ,  52
11 ,  382
19 ,  330
6 ,  71
13 ,  231
9 ,  119
11 ,  117
17 ,  1623
20 ,  569
13 ,  176
12 ,  257
14 ,  168
10 ,  103
13 ,  73
17 ,  1791
14 ,  173
6 ,  83
13 ,  204
24 ,  1521
14 ,  1031
26 ,  3662
37 ,  55609
13 ,  612
13 ,  642
17 ,  1738
13 ,  218
8 ,  96
16 ,  783
9 ,  132
10 ,  271
10 ,  153
24 ,  934
13 ,  415
15 ,  154
14 ,  159
11 ,  206
8 ,  123
17 ,  708
3 ,  35
19 ,  1126
8 ,  85
11 ,  306
13 ,  415
13 ,  408
11 ,  85
13 ,  287
11 ,  640
23 ,  246
19 ,  1817
16 ,  336
13 ,  264
22 ,  2135
17 ,  683
14 ,  367
10 ,  155
12 ,  124
16 ,  448
19 ,  2357
17 ,  644
13 ,  192
15 ,  828
7 ,  68
13 ,  230
15 ,  1202
18 ,  1295
12 ,  334
21 ,  4483
18 ,  1672
31 ,  290959
22 ,  1884
7 ,  94
17 ,  1194
10 ,  195
32 ,  61550
12 ,  245
15 ,  357
21 ,  865
8 ,  93
21 ,  2146
10 ,  106
10 ,  216
23 ,  9585
12 ,  369
8 ,  107
11 ,  127
8 ,  173
5 ,  55
7 ,  97
13 ,  151
10 ,  73
17 ,  1174
5 ,  47
15 ,  818
12 ,  297
16 ,  751
10 ,  72
7 ,  89
8 ,  91
17 ,  177
13 ,  522
14 ,  164
27 ,  3922
11 ,  354
11 ,  171
10 ,  98
8 ,  56
15 ,  202
19 ,  616
19 ,  476
11 ,  182
8 ,  89
11 ,  214
15 ,  538
14 ,  267
7 ,  55
10 ,  197
16 ,  249
12 ,  79
28 ,  6480
12 ,  128
14 ,  224
16 ,  231
13 ,  542
17 ,  512
9 ,  168
19 ,  1385
15 ,  570
16 ,  701
10 ,  263
13 ,  934
16 ,  229
4 ,  41
16 ,  1568
13 ,  148
15 ,  127
11 ,  427
9 ,  83
5 ,  61
19 ,  1395
14 ,  216
11 ,  323
8 ,  42
14 ,  271
19 ,  1032
10 ,  121
11 ,  279
8 ,  129
9 ,  94
15 ,  219
8 ,  163
12 ,  71
16 ,  764
13 ,  178
16 ,  1670
8 ,  71
10 ,  176
17 ,  1252
10 ,  159
15 ,  255
9 ,  127
10 ,  161
15 ,  1017
7 ,  99
16 ,  536
9 ,  103
16 ,  375
7 ,  69
8 ,  55
4 ,  39
13 ,  233
7 ,  72
12 ,  178
13 ,  217
11 ,  95
19 ,  7593
6 ,  50
6 ,  68
17 ,  1238
15 ,  367
9 ,  134
28 ,  3787
34 ,  9172
11 ,  196
5 ,  38
31 ,  11143
17 ,  601
15 ,  223
14 ,  232
11 ,  262
18 ,  762
8 ,  104
10 ,  348
26 ,  2277
29 ,  7912
10 ,  66
14 ,  269
18 ,  405
9 ,  203
18 ,  765
14 ,  466
16 ,  288
19 ,  378
16 ,  315
12 ,  95
7 ,  93
11 ,  101
9 ,  167
25 ,  3925
17 ,  356
10 ,  87
8 ,  244
11 ,  542
11 ,  162
9 ,  78
11 ,  106
12 ,  547
11 ,  185
19 ,  1841
13 ,  374
10 ,  183
11 ,  116
19 ,  596
12 ,  130
5 ,  43
8 ,  67
9 ,  85
5 ,  40
6 ,  71
13 ,  707
11 ,  221
21 ,  1456
22 ,  103
15 ,  651
11 ,  263
9 ,  36
14 ,  325
22 ,  1535
14 ,  833
15 ,  1373
13 ,  330
10 ,  213
10 ,  222
9 ,  147
12 ,  124
19 ,  503
9 ,  67
8 ,  36
14 ,  569
27 ,  2599
10 ,  101
11 ,  261
8 ,  108
6 ,  58
11 ,  99
8 ,  54
10 ,  241
7 ,  86
16 ,  675
9 ,  73
9 ,  189
12 ,  216
14 ,  701
4 ,  50
5 ,  60
14 ,  207
19 ,  799
13 ,  348
22 ,  2792
27 ,  62
12 ,  132
15 ,  136
10 ,  89
16 ,  938
10 ,  292
10 ,  171
10 ,  166
14 ,  633
11 ,  185
12 ,  137
19 ,  1019
10 ,  68
16 ,  239
8 ,  120
12 ,  244
18 ,  368
27 ,  8570
31 ,  171737
5 ,  51
15 ,  1823
11 ,  357
13 ,  267
18 ,  450
13 ,  365
11 ,  305
13 ,  259
13 ,  126
5 ,  47
16 ,  365
14 ,  278
15 ,  417
24 ,  2090
15 ,  658
12 ,  147
12 ,  266
13 ,  412
10 ,  129
10 ,  133
8 ,  105
13 ,  246
15 ,  330
13 ,  329
10 ,  276
6 ,  108
18 ,  837
12 ,  94
11 ,  270
16 ,  298
29 ,  11665
20 ,  2592
12 ,  127
22 ,  783
16 ,  998
8 ,  142
28 ,  18432
8 ,  128
10 ,  116
25 ,  2586
13 ,  183
6 ,  86
23 ,  2329
14 ,  706
10 ,  97
10 ,  103
9 ,  122
7 ,  59
12 ,  336
7 ,  113
24 ,  10014
9 ,  244
33 ,  10258
14 ,  690
25 ,  1330
9 ,  168
23 ,  1330
10 ,  166
6 ,  42
12 ,  103
16 ,  645
10 ,  262
11 ,  399
11 ,  264
14 ,  309
16 ,  592
10 ,  142
11 ,  129
8 ,  76
13 ,  177
17 ,  873
8 ,  79
10 ,  49
10 ,  195
19 ,  1098
6 ,  70
25 ,  4075
10 ,  90
14 ,  701
12 ,  125
11 ,  246
12 ,  792
6 ,  57
9 ,  136
16 ,  881
15 ,  271
15 ,  234
10 ,  122
18 ,  737
12 ,  100
20 ,  1252
6 ,  72
23 ,  1510
16 ,  360
14 ,  275
6 ,  76
21 ,  2866
8 ,  54
8 ,  72
15 ,  450
10 ,  244
14 ,  1537
16 ,  886
15 ,  225
9 ,  170
15 ,  345
12 ,  365
24 ,  344
12 ,  157
11 ,  259
17 ,  2523
16 ,  471
6 ,  46
21 ,  626
13 ,  274
18 ,  803
11 ,  224
7 ,  71
15 ,  571
25 ,  653
14 ,  934
13 ,  376
6 ,  48
8 ,  157
11 ,  71
21 ,  793
15 ,  313
9 ,  42
9 ,  106
16 ,  528
14 ,  348
10 ,  134
7 ,  84
19 ,  500
11 ,  122
18 ,  256
17 ,  1129
7 ,  66
14 ,  230
15 ,  516
15 ,  401
10 ,  93
18 ,  754
19 ,  1272
17 ,  397
10 ,  223
15 ,  216
13 ,  212
14 ,  92
10 ,  86
8 ,  102
12 ,  364
13 ,  157
9 ,  120
17 ,  277
12 ,  139
14 ,  370
14 ,  264
10 ,  165
6 ,  59
5 ,  65
12 ,  247
13 ,  157
12 ,  163
6 ,  62
12 ,  253
12 ,  237
12 ,  139
13 ,  307
11 ,  106
6 ,  75
14 ,  125
10 ,  192
11 ,  123
14 ,  273
9 ,  118
14 ,  839
14 ,  347
12 ,  126
23 ,  2951
12 ,  303
12 ,  246
15 ,  931
12 ,  297
9 ,  139
17 ,  1235
16 ,  477
13 ,  554
13 ,  252
12 ,  569
18 ,  1207
10 ,  127
14 ,  651
17 ,  345
23 ,  3917
15 ,  415
13 ,  1049
22 ,  3577
22 ,  1205
17 ,  1176
7 ,  98
11 ,  95
13 ,  387
12 ,  157
15 ,  180
15 ,  133
10 ,  206
17 ,  306
15 ,  484
18 ,  420
13 ,  306
15 ,  171
9 ,  101
19 ,  209
21 ,  2086
6 ,  61
14 ,  391
19 ,  3415
8 ,  132
9 ,  143
25 ,  9482
18 ,  420
13 ,  309
18 ,  1270
16 ,  44
8 ,  51
20 ,  1905
13 ,  562
7 ,  79
6 ,  34
9 ,  121
11 ,  184
6 ,  87
15 ,  695
8 ,  128
13 ,  180
10 ,  207
30 ,  10474
16 ,  660
10 ,  157
19 ,  904
15 ,  298
12 ,  285
11 ,  170
16 ,  523
11 ,  74
19 ,  841
9 ,  196
12 ,  244
9 ,  76
13 ,  171
13 ,  245
19 ,  789
12 ,  352
15 ,  775
15 ,  438
16 ,  550
10 ,  177
14 ,  2315
8 ,  98
14 ,  216
10 ,  174
12 ,  182
19 ,  250
12 ,  1049
17 ,  1025
9 ,  149
12 ,  454
14 ,  139
13 ,  141
18 ,  995
10 ,  165
15 ,  378
29 ,  11934
10 ,  92
6 ,  58
20 ,  5306
12 ,  116
10 ,  113
12 ,  448
19 ,  1019
11 ,  107
15 ,  241
16 ,  479
10 ,  157
10 ,  125
11 ,  267
13 ,  178
19 ,  812
15 ,  754
26 ,  11836
9 ,  162
23 ,  1421
25 ,  1875
8 ,  75
9 ,  109
8 ,  87
24 ,  366
16 ,  1633
21 ,  2514
14 ,  246
11 ,  346
7 ,  67
12 ,  634
12 ,  222
7 ,  146
11 ,  178
9 ,  174
8 ,  92
15 ,  690
8 ,  64
9 ,  81
19 ,  1212
12 ,  352
15 ,  1480
16 ,  1570
19 ,  1580
10 ,  95
14 ,  554
19 ,  432
17 ,  1337
15 ,  552
9 ,  164
15 ,  1015
14 ,  1034
16 ,  740
8 ,  161
10 ,  154
15 ,  687
14 ,  348
21 ,  2224
7 ,  101
23 ,  501
14 ,  425
10 ,  140
11 ,  253
12 ,  316
10 ,  108
15 ,  795
7 ,  73
25 ,  2399
9 ,  177
10 ,  73
17 ,  1193
10 ,  156
23 ,  3047
10 ,  85
5 ,  46
8 ,  107
11 ,  201
12 ,  98
10 ,  48
19 ,  818
13 ,  525
7 ,  48
9 ,  203
8 ,  99
15 ,  185
19 ,  2487
12 ,  173
13 ,  427
11 ,  87
10 ,  223
14 ,  417
11 ,  251
16 ,  647
8 ,  154
18 ,  259
10 ,  184
6 ,  48
8 ,  83
17 ,  1024
21 ,  472
8 ,  139
13 ,  167
15 ,  283
16 ,  1511
10 ,  106
13 ,  247
8 ,  194
10 ,  87
10 ,  144
25 ,  3566
11 ,  242
9 ,  252
6 ,  55
5 ,  65
21 ,  4445
21 ,  1813
8 ,  149
9 ,  83
14 ,  281
7 ,  153
9 ,  150
10 ,  143
12 ,  105
15 ,  1132
15 ,  990
11 ,  95
21 ,  1091
8 ,  124
16 ,  2757
10 ,  139
16 ,  940
12 ,  157
27 ,  3905
16 ,  439
22 ,  1483
28 ,  3823
17 ,  393
13 ,  106
20 ,  1048
23 ,  2966
13 ,  553
17 ,  1121
16 ,  266
17 ,  542
13 ,  132
6 ,  85
17 ,  522
13 ,  188
5 ,  70
11 ,  125
19 ,  342
11 ,  152
14 ,  589
11 ,  80
8 ,  118
23 ,  2126
7 ,  126
21 ,  2999
12 ,  523
8 ,  133
14 ,  245
10 ,  57
12 ,  394
23 ,  207
14 ,  602
13 ,  435
4 ,  40
12 ,  178
16 ,  2574
7 ,  81
11 ,  253
14 ,  295
7 ,  74
13 ,  135
12 ,  517
7 ,  49
8 ,  98
8 ,  143
7 ,  27
34 ,  12453
10 ,  99
13 ,  177
14 ,  175
19 ,  3058
17 ,  1174
6 ,  52
15 ,  523
11 ,  174
11 ,  244
3 ,  34
8 ,  108
10 ,  94
6 ,  54
11 ,  229
8 ,  68
9 ,  115
8 ,  102
8 ,  106
18 ,  1783
10 ,  272
8 ,  105
17 ,  246
13 ,  417
10 ,  87
9 ,  86
16 ,  630
15 ,  427
11 ,  269
12 ,  319
25 ,  4916
29 ,  323
14 ,  748
12 ,  160
16 ,  1371
18 ,  451
18 ,  1011
14 ,  290
10 ,  336
11 ,  291
23 ,  8519
12 ,  145
13 ,  87
16 ,  1076
16 ,  450
10 ,  541
12 ,  108
12 ,  405
9 ,  220
10 ,  160
17 ,  179
8 ,  172
4 ,  47
17 ,  3321
13 ,  165
16 ,  529
15 ,  801
11 ,  172
8 ,  141
8 ,  130
11 ,  35
11 ,  125
18 ,  240
13 ,  223
16 ,  1492
15 ,  249
12 ,  127
23 ,  724
16 ,  914
18 ,  263
21 ,  5673
7 ,  82
9 ,  156
9 ,  92
23 ,  423
11 ,  210
10 ,  183
9 ,  157
14 ,  309
9 ,  80
7 ,  89
9 ,  57
13 ,  223
6 ,  67
8 ,  110
21 ,  1158
13 ,  386
10 ,  163
13 ,  207
22 ,  5751
24 ,  8718
14 ,  366
14 ,  561
15 ,  435
8 ,  160
11 ,  115
10 ,  142
9 ,  88
11 ,  124
10 ,  121
20 ,  1973
10 ,  238
20 ,  97
9 ,  34
10 ,  159
8 ,  122
10 ,  129
18 ,  1524
10 ,  119
9 ,  168
12 ,  242
15 ,  535
10 ,  202
8 ,  101
13 ,  213
21 ,  2432
8 ,  44
15 ,  119
9 ,  138
24 ,  1865
15 ,  734
8 ,  66
12 ,  277
13 ,  126
13 ,  569
15 ,  552
26 ,  3402
10 ,  170
11 ,  145
9 ,  87
20 ,  1559
11 ,  121
9 ,  147
19 ,  2284
8 ,  74
22 ,  1062
22 ,  20593
10 ,  200
19 ,  819
11 ,  201
14 ,  143
6 ,  62
16 ,  800
11 ,  727
9 ,  58
6 ,  46
11 ,  155
13 ,  491
14 ,  234
15 ,  416
12 ,  454
21 ,  1169
15 ,  1291
10 ,  67
15 ,  455
8 ,  114
10 ,  135
4 ,  48
18 ,  991
15 ,  479
10 ,  173
7 ,  95
7 ,  54
10 ,  125
5 ,  43
13 ,  1017
21 ,  3517
20 ,  761
7 ,  82
12 ,  213
12 ,  319
15 ,  60
17 ,  783
10 ,  124
8 ,  151
11 ,  105
22 ,  5841
11 ,  101
26 ,  10435
13 ,  182
9 ,  97
10 ,  234
11 ,  124
13 ,  156
10 ,  127
14 ,  88
19 ,  1479
7 ,  50
8 ,  139
12 ,  57
15 ,  273
6 ,  91
11 ,  271
10 ,  240
13 ,  100
17 ,  511
11 ,  243
17 ,  1861
10 ,  161
11 ,  592
12 ,  374
13 ,  225
10 ,  75
14 ,  222
12 ,  390
11 ,  211
24 ,  2030
15 ,  333
5 ,  66
19 ,  1599
7 ,  72
13 ,  222
15 ,  771
9 ,  70
20 ,  820
19 ,  2455
7 ,  88
15 ,  264
18 ,  355
14 ,  249
15 ,  462
8 ,  123
16 ,  1262
8 ,  113
6 ,  81
11 ,  437
13 ,  45
9 ,  136
9 ,  163
8 ,  159
17 ,  2179
12 ,  395
12 ,  372
17 ,  495
11 ,  116
12 ,  492
17 ,  337
8 ,  83
11 ,  95
13 ,  329
11 ,  103
8 ,  81
11 ,  188
13 ,  449
11 ,  97
4 ,  46
4 ,  44
19 ,  2098
9 ,  106
25 ,  12415
13 ,  121
11 ,  305
19 ,  756
13 ,  209
13 ,  94
8 ,  35
23 ,  634
12 ,  71
16 ,  359
6 ,  81
15 ,  568
10 ,  93
2 ,  25
29 ,  7374
25 ,  1911
11 ,  187
14 ,  194
12 ,  185
13 ,  175
10 ,  43
8 ,  136
7 ,  72
7 ,  52
20 ,  2966
13 ,  578
16 ,  416
32 ,  94645
12 ,  84
10 ,  102
16 ,  667
12 ,  415
19 ,  492
6 ,  55
11 ,  127
17 ,  242
9 ,  74
10 ,  139
21 ,  891
13 ,  305
13 ,  384
11 ,  373
12 ,  157
15 ,  529
12 ,  51
14 ,  128
8 ,  57
9 ,  129
14 ,  330
15 ,  228
9 ,  96
16 ,  596
7 ,  64
4 ,  46
12 ,  427
11 ,  117
11 ,  195
22 ,  514
11 ,  245
15 ,  525
8 ,  176
10 ,  113
18 ,  900
15 ,  929
9 ,  66
10 ,  222
14 ,  312
14 ,  385
32 ,  87489
14 ,  1498
15 ,  233
14 ,  475
11 ,  137
11 ,  65
11 ,  159
31 ,  5268
11 ,  168
20 ,  3475
9 ,  79
9 ,  178
13 ,  332
7 ,  84
10 ,  130
6 ,  53
25 ,  16067
5 ,  78
11 ,  234
16 ,  459
8 ,  96
13 ,  328
16 ,  642
13 ,  333
29 ,  3466
9 ,  100
7 ,  65
7 ,  77
9 ,  69
7 ,  86
16 ,  496
10 ,  188
8 ,  82
6 ,  57
5 ,  47
18 ,  205
9 ,  129
13 ,  620
10 ,  179
11 ,  223
20 ,  3572
6 ,  77
16 ,  1536
5 ,  57
6 ,  63
5 ,  59
12 ,  242
18 ,  696
15 ,  38
26 ,  3430
7 ,  37
8 ,  59
9 ,  36
20 ,  8442
5 ,  35
17 ,  465
15 ,  735
15 ,  414
22 ,  5912
10 ,  290
6 ,  55
15 ,  454
15 ,  192
9 ,  95
11 ,  415
7 ,  63
17 ,  519
12 ,  97
7 ,  96
14 ,  313
14 ,  59
17 ,  1904
10 ,  148
11 ,  202
12 ,  264
11 ,  305
10 ,  221
11 ,  237
16 ,  660
13 ,  217
6 ,  79
15 ,  216
7 ,  88
14 ,  272
13 ,  270
14 ,  602
10 ,  171
6 ,  65
14 ,  240
9 ,  209
11 ,  94
10 ,  157
23 ,  2243
24 ,  4479
14 ,  292
9 ,  71
12 ,  288
19 ,  1268
10 ,  99
15 ,  1412
20 ,  13147
11 ,  227
10 ,  185
11 ,  203
19 ,  6467
11 ,  233
6 ,  32
17 ,  697
21 ,  3231
11 ,  172
12 ,  208
8 ,  119
23 ,  2217
16 ,  291
11 ,  75
13 ,  435
22 ,  1972
20 ,  1509
15 ,  515
20 ,  3168
10 ,  172
10 ,  124
12 ,  185
8 ,  70
8 ,  36
7 ,  65
14 ,  856
12 ,  191
6 ,  47
12 ,  227
11 ,  142
25 ,  2485
17 ,  231
11 ,  214
14 ,  222
10 ,  178
14 ,  225
25 ,  2987
9 ,  119
12 ,  332
23 ,  924
15 ,  1169
13 ,  230
12 ,  289
17 ,  2141
8 ,  203
18 ,  769
12 ,  271
8 ,  112
12 ,  89
5 ,  50
12 ,  151
17 ,  203
12 ,  179
13 ,  239
11 ,  212
15 ,  427
17 ,  295
29 ,  20346
13 ,  412
12 ,  494
9 ,  120
11 ,  153
11 ,  90
12 ,  96
12 ,  390
12 ,  251
13 ,  459
7 ,  77
12 ,  110
9 ,  126
11 ,  311
9 ,  185
11 ,  95
15 ,  365
16 ,  318
11 ,  291
6 ,  69
11 ,  194
18 ,  949
12 ,  286
6 ,  95
16 ,  436
16 ,  142
18 ,  235
16 ,  1153
4 ,  55
7 ,  72
13 ,  521
22 ,  3526
15 ,  812
10 ,  124
12 ,  195
13 ,  180
7 ,  66
15 ,  290
29 ,  85628
20 ,  1350
7 ,  65
10 ,  167
37 ,  177738
13 ,  120
15 ,  628
8 ,  72
10 ,  181
6 ,  100
11 ,  268
17 ,  1616
6 ,  63
22 ,  323
35 ,  26412
14 ,  678
16 ,  229
16 ,  178
13 ,  260
8 ,  129
8 ,  119
16 ,  1218
13 ,  126
24 ,  12615
9 ,  199
13 ,  213
18 ,  158
17 ,  967
7 ,  76
11 ,  229
9 ,  118
11 ,  159
13 ,  230
17 ,  1204
11 ,  113
11 ,  573
19 ,  1261
6 ,  74
8 ,  122
12 ,  478
14 ,  682
13 ,  112
19 ,  3494
15 ,  538
19 ,  346
15 ,  754
8 ,  57
15 ,  2258
10 ,  135
26 ,  8122
14 ,  167
12 ,  266
22 ,  1608
7 ,  100
16 ,  905
11 ,  71
10 ,  120
11 ,  146
15 ,  294
10 ,  179
15 ,  181
16 ,  474
10 ,  130
15 ,  358
13 ,  277
7 ,  153
7 ,  68
14 ,  742
23 ,  1933
13 ,  128
9 ,  66
8 ,  118
27 ,  13095
11 ,  93
25 ,  2450
14 ,  266
8 ,  136
4 ,  41
26 ,  346
14 ,  273
15 ,  545
8 ,  125
7 ,  68
6 ,  87
24 ,  2084
23 ,  2725
21 ,  2060
15 ,  147
18 ,  2099
13 ,  222
6 ,  43
6 ,  49
7 ,  78
8 ,  111
15 ,  1817
15 ,  106
11 ,  191
15 ,  347
10 ,  162
14 ,  384
6 ,  54
16 ,  337
21 ,  4645
14 ,  311
14 ,  672
12 ,  99
10 ,  178
10 ,  154
14 ,  177
11 ,  215
14 ,  417
14 ,  127
17 ,  935
22 ,  1032
22 ,  5630
13 ,  185
10 ,  121
6 ,  43
16 ,  3001
11 ,  109
12 ,  129
12 ,  264
9 ,  146
11 ,  458
17 ,  138
19 ,  1662
13 ,  599
11 ,  390
12 ,  125
26 ,  3307
9 ,  170
18 ,  464
12 ,  214
17 ,  585
14 ,  150
16 ,  276
9 ,  228
10 ,  227
14 ,  341
8 ,  81
10 ,  110
30 ,  938
12 ,  440
16 ,  1406
37 ,  10517
17 ,  482
13 ,  173
7 ,  42
15 ,  694
15 ,  502
11 ,  78
13 ,  35
11 ,  178
8 ,  99
20 ,  1601
21 ,  7416
6 ,  73
16 ,  708
11 ,  169
6 ,  52
10 ,  121
5 ,  34
18 ,  402
8 ,  86
14 ,  140
19 ,  2917
15 ,  368
15 ,  2891
10 ,  193
27 ,  12838
11 ,  119
16 ,  948
10 ,  182
22 ,  901
9 ,  123
10 ,  73
13 ,  358
11 ,  241
7 ,  72
29 ,  61247
8 ,  141
19 ,  1362
16 ,  1804
13 ,  177
11 ,  214
12 ,  136
4 ,  47
4 ,  45
9 ,  235
16 ,  815
12 ,  286
10 ,  113
8 ,  93
11 ,  109
9 ,  206
24 ,  673
15 ,  609
25 ,  26605
9 ,  198
7 ,  103
11 ,  68
19 ,  301
24 ,  4905
25 ,  3030
11 ,  110
32 ,  524483
16 ,  211
17 ,  1135
13 ,  216
12 ,  263
9 ,  85
16 ,  203
14 ,  402
7 ,  68
10 ,  184
8 ,  189
8 ,  89
20 ,  950
29 ,  3815
37 ,  7257
14 ,  1190
10 ,  152
16 ,  994
21 ,  2257
14 ,  259
22 ,  2671
10 ,  133
11 ,  207
13 ,  172
14 ,  359
11 ,  311
20 ,  604
17 ,  382
21 ,  2383
12 ,  123
12 ,  431
16 ,  291
16 ,  1171
15 ,  199
12 ,  83
8 ,  88
7 ,  116
8 ,  70
36 ,  130351
6 ,  69
10 ,  102
18 ,  170
10 ,  54
11 ,  220
18 ,  465
7 ,  72
8 ,  177
18 ,  644
18 ,  882
14 ,  403
13 ,  105
7 ,  93
7 ,  121
12 ,  258
11 ,  65
5 ,  67
15 ,  256
7 ,  86
17 ,  473
15 ,  1010
20 ,  827
12 ,  150
15 ,  573
10 ,  162
6 ,  35
6 ,  85
12 ,  212
13 ,  289
24 ,  6340
11 ,  103
11 ,  77
20 ,  2095
12 ,  300
17 ,  1449
8 ,  93
16 ,  402
9 ,  96
12 ,  152
13 ,  186
6 ,  60
7 ,  83
17 ,  374
7 ,  83
16 ,  68
19 ,  314
8 ,  99
11 ,  378
6 ,  94
27 ,  11786
13 ,  533
12 ,  310
13 ,  962
25 ,  4161
12 ,  181
7 ,  91
14 ,  563
11 ,  339
13 ,  563
12 ,  169
14 ,  261
16 ,  1092
25 ,  2014
8 ,  66
10 ,  98
15 ,  945
11 ,  80
9 ,  70
22 ,  1596
24 ,  3093
15 ,  139
13 ,  360
12 ,  256
24 ,  3391
13 ,  236
12 ,  411
9 ,  98
15 ,  1439
27 ,  4152
10 ,  141
9 ,  130
25 ,  13959
16 ,  938
14 ,  533
15 ,  982
15 ,  355
19 ,  2696
21 ,  376
16 ,  1314
17 ,  1328
10 ,  113
5 ,  30
11 ,  170
13 ,  172
12 ,  194
16 ,  146
8 ,  79
12 ,  227
14 ,  836
10 ,  142
8 ,  62
13 ,  94
14 ,  89
8 ,  63
15 ,  451
11 ,  320
21 ,  2024
10 ,  137
24 ,  1528
9 ,  77
13 ,  491
26 ,  3344
7 ,  73
25 ,  2496
13 ,  221
11 ,  89
14 ,  382
10 ,  209
8 ,  109
10 ,  130
16 ,  446
14 ,  315
13 ,  321
14 ,  390
21 ,  3271
16 ,  857
10 ,  99
12 ,  183
11 ,  145
8 ,  134
17 ,  692
7 ,  73
16 ,  736
7 ,  123
40 ,  514336
8 ,  102
18 ,  414
14 ,  1939
9 ,  197
13 ,  717
17 ,  2760
26 ,  9569
25 ,  984
9 ,  184
24 ,  475
13 ,  113
16 ,  228
15 ,  1509
10 ,  278
14 ,  563
10 ,  104
6 ,  65
12 ,  229
19 ,  1391
7 ,  45
7 ,  76
17 ,  1005
15 ,  181
16 ,  1585
18 ,  837
16 ,  1830
10 ,  191
14 ,  516
11 ,  140
8 ,  86
11 ,  239
13 ,  227
13 ,  632
7 ,  65
12 ,  580
11 ,  99
15 ,  578
9 ,  112
6 ,  54
12 ,  329
14 ,  397
11 ,  269
4 ,  33
10 ,  66
13 ,  166
16 ,  224
14 ,  142
7 ,  82
17 ,  1859
16 ,  1095
15 ,  1596
5 ,  60
4 ,  45
11 ,  105
12 ,  69
11 ,  89
10 ,  112
14 ,  889
11 ,  66
17 ,  1898
8 ,  104
19 ,  757
9 ,  107
11 ,  185
11 ,  84
10 ,  356
7 ,  70
17 ,  1704
11 ,  184
23 ,  777
22 ,  927
12 ,  119
13 ,  402
8 ,  112
7 ,  103
14 ,  521
10 ,  73
14 ,  407
11 ,  45
7 ,  75
16 ,  406
17 ,  1573
19 ,  650
12 ,  154
12 ,  37
11 ,  137
12 ,  577
14 ,  406
17 ,  829
23 ,  3034
8 ,  74
15 ,  394
36 ,  53484
14 ,  578
17 ,  643
13 ,  95
10 ,  331
9 ,  84
14 ,  163
9 ,  82
15 ,  345
13 ,  595
9 ,  103
9 ,  36
7 ,  87
21 ,  5701
10 ,  213
18 ,  1023
19 ,  645
18 ,  1706
14 ,  281
18 ,  4541
7 ,  76
13 ,  336
8 ,  139
16 ,  542
18 ,  674
9 ,  129
12 ,  118
8 ,  76
23 ,  9796
22 ,  4287
16 ,  729
18 ,  5763
12 ,  319
13 ,  424
8 ,  104
8 ,  120
12 ,  218
14 ,  249
11 ,  119
20 ,  2620
17 ,  1081
12 ,  716
18 ,  1196
22 ,  582
5 ,  69
10 ,  165
23 ,  3389
22 ,  3934
12 ,  89
13 ,  134
4 ,  47
15 ,  559
17 ,  657
13 ,  227
9 ,  125
14 ,  496
7 ,  83
10 ,  234
18 ,  711
9 ,  146
14 ,  588
6 ,  72
18 ,  759
10 ,  108
22 ,  2733
5 ,  42
8 ,  91
18 ,  1425
10 ,  137
10 ,  191
7 ,  95
10 ,  96
9 ,  116
10 ,  155
14 ,  493
7 ,  144
12 ,  245
12 ,  172
9 ,  182
15 ,  617
12 ,  410
26 ,  642
17 ,  417
12 ,  91
26 ,  4623
16 ,  312
12 ,  558
13 ,  217
14 ,  358
15 ,  967
14 ,  493
12 ,  113
18 ,  523
10 ,  314
15 ,  705
9 ,  73
14 ,  257
15 ,  1078
11 ,  273
12 ,  231
12 ,  250
20 ,  1474
21 ,  44
16 ,  335
20 ,  1928
8 ,  83
22 ,  7790
12 ,  268
25 ,  13633
19 ,  1031
13 ,  270
12 ,  304
15 ,  348
23 ,  5003
17 ,  278
17 ,  933
18 ,  387
12 ,  550
12 ,  320
8 ,  115
20 ,  2980
10 ,  364
14 ,  172
5 ,  40
22 ,  9049
9 ,  113
11 ,  412
11 ,  93
10 ,  173
15 ,  309
8 ,  121
11 ,  362
4 ,  52
39 ,  19460
9 ,  127
12 ,  79
12 ,  157
27 ,  20125
25 ,  4327
14 ,  438
16 ,  213
18 ,  413
22 ,  1794
12 ,  247
12 ,  216
6 ,  86
9 ,  357
10 ,  205
14 ,  685
5 ,  48
7 ,  151
18 ,  657
19 ,  1349
10 ,  215
14 ,  265
11 ,  319
11 ,  146
8 ,  94
8 ,  58
17 ,  653
7 ,  71
8 ,  95
13 ,  212
11 ,  157
13 ,  524
18 ,  204
13 ,  817
15 ,  39
12 ,  149
11 ,  128
18 ,  617
12 ,  150
16 ,  343
17 ,  420
13 ,  450
11 ,  81
20 ,  1894
13 ,  749
7 ,  69
7 ,  85
9 ,  302
11 ,  162
12 ,  107
15 ,  150
9 ,  97
12 ,  168
22 ,  448
19 ,  570
13 ,  203
15 ,  607
18 ,  2302
15 ,  541
4 ,  48
13 ,  127
6 ,  88
9 ,  95
5 ,  58
12 ,  310
8 ,  111
22 ,  2670
12 ,  188
13 ,  259
7 ,  73
21 ,  656
9 ,  80
21 ,  1397
15 ,  512
14 ,  852
9 ,  302
9 ,  151
11 ,  123
12 ,  191
18 ,  1960
14 ,  359
17 ,  282
9 ,  180
12 ,  235
12 ,  57
19 ,  5520
6 ,  59
15 ,  735
8 ,  245
11 ,  605
8 ,  69
17 ,  815
10 ,  301
29 ,  6010
12 ,  324
19 ,  808
12 ,  481
21 ,  528
14 ,  307
7 ,  100
20 ,  820
31 ,  19317
12 ,  446
17 ,  599
10 ,  174
14 ,  430
22 ,  1302
10 ,  379
11 ,  168
26 ,  9306
10 ,  301
8 ,  117
23 ,  4353
22 ,  4243
10 ,  138
9 ,  143
16 ,  1742
11 ,  124
11 ,  151
13 ,  182
11 ,  237
17 ,  727
7 ,  91
11 ,  193
7 ,  48
11 ,  112
20 ,  1093
13 ,  554
23 ,  12636
12 ,  234
15 ,  407
9 ,  91
10 ,  116
9 ,  163
7 ,  53
19 ,  588
13 ,  185
12 ,  182
19 ,  694
14 ,  333
15 ,  837
9 ,  111
3 ,  36
9 ,  106
16 ,  429
9 ,  104
13 ,  165
18 ,  6479
9 ,  138
15 ,  1124
9 ,  72
36 ,  96842
18 ,  535
8 ,  121
8 ,  107
8 ,  178
10 ,  282
11 ,  160
10 ,  168
10 ,  93
11 ,  127
8 ,  34
26 ,  2271
12 ,  120
8 ,  84
17 ,  456
20 ,  442
17 ,  805
6 ,  57
9 ,  176
11 ,  471
17 ,  507
15 ,  313
14 ,  155
22 ,  544
16 ,  1987
32 ,  3040
11 ,  153
21 ,  1459
12 ,  202
11 ,  221
17 ,  1314
27 ,  2645
17 ,  1905
11 ,  152
12 ,  310
10 ,  285
12 ,  298
4 ,  47
13 ,  634
14 ,  220
14 ,  497
13 ,  734
16 ,  722
19 ,  5169
8 ,  100
6 ,  52
13 ,  199
15 ,  1559
19 ,  271
16 ,  618
17 ,  1324
10 ,  92
17 ,  1099
15 ,  1015
13 ,  265
9 ,  96
18 ,  1254
16 ,  255
6 ,  75
15 ,  512
16 ,  502
11 ,  99
11 ,  155
10 ,  185
10 ,  125
12 ,  146
13 ,  117
9 ,  69
16 ,  546
19 ,  1122
16 ,  212
14 ,  153
15 ,  170
7 ,  69
13 ,  89
25 ,  16345
11 ,  158
21 ,  4785
13 ,  386
9 ,  285
10 ,  273
6 ,  54
12 ,  147
7 ,  55
9 ,  230
10 ,  59
10 ,  292
11 ,  276
10 ,  231
6 ,  54
13 ,  338
21 ,  4235
16 ,  316
18 ,  3156
16 ,  1846
10 ,  168
10 ,  73
12 ,  214
13 ,  1004
10 ,  179
10 ,  175
20 ,  482
16 ,  1626
7 ,  88
9 ,  137
16 ,  137
8 ,  110
13 ,  286
21 ,  678
9 ,  89
15 ,  38
16 ,  364
14 ,  909
17 ,  446
9 ,  135
13 ,  244
4 ,  47
29 ,  11859
6 ,  73
9 ,  199
14 ,  376
9 ,  80
12 ,  190
19 ,  1130
7 ,  59
14 ,  504
12 ,  160
15 ,  813
18 ,  783
7 ,  42
6 ,  54
7 ,  81
17 ,  637
13 ,  93
15 ,  222
11 ,  116
5 ,  41
19 ,  4712
4 ,  46
15 ,  188
21 ,  3419
8 ,  54
12 ,  388
24 ,  4223
10 ,  96
18 ,  957
14 ,  217
25 ,  8255
9 ,  198
9 ,  284
10 ,  126
36 ,  17237
16 ,  1008
6 ,  86
13 ,  246
19 ,  410
13 ,  430
8 ,  67
10 ,  171
9 ,  111
14 ,  440
11 ,  388
10 ,  257
9 ,  98
8 ,  143
17 ,  2148
14 ,  579
8 ,  96
6 ,  45
13 ,  318
15 ,  398
15 ,  396
17 ,  2947
10 ,  273
9 ,  112
26 ,  7124
35 ,  98602
10 ,  283
17 ,  482
14 ,  872
19 ,  1053
10 ,  133
18 ,  344
11 ,  121
10 ,  137
11 ,  148
10 ,  181
12 ,  61
16 ,  339
6 ,  65
29 ,  19365
13 ,  309
15 ,  370
20 ,  563
12 ,  205
14 ,  263
16 ,  784
7 ,  117
16 ,  219
21 ,  1324
16 ,  708
19 ,  750
6 ,  57
20 ,  709
21 ,  553
31 ,  8813
11 ,  157
5 ,  43
8 ,  85
19 ,  2759
11 ,  154
3 ,  29
18 ,  2689
9 ,  85
13 ,  175
12 ,  228
16 ,  186
14 ,  408
11 ,  281
16 ,  298
19 ,  1655
8 ,  182
10 ,  124
12 ,  293
9 ,  115
14 ,  140
7 ,  124
17 ,  2042
16 ,  628
19 ,  1514
8 ,  103
13 ,  429
37 ,  49333
20 ,  1400
22 ,  4645
14 ,  300
7 ,  69
16 ,  160
14 ,  228
11 ,  259
10 ,  118
9 ,  33
22 ,  5617
26 ,  12231
5 ,  40
11 ,  158
10 ,  199
11 ,  434
9 ,  112
20 ,  3173
16 ,  567
12 ,  181
23 ,  1652
14 ,  456
13 ,  254
15 ,  1141
9 ,  115
6 ,  75
8 ,  69
16 ,  312
13 ,  312
32 ,  24872
8 ,  158
13 ,  343
12 ,  414
10 ,  279
9 ,  68
14 ,  191
17 ,  306
7 ,  83
12 ,  51
14 ,  447
19 ,  341
8 ,  145
11 ,  278
11 ,  120
6 ,  47
13 ,  346
8 ,  169
13 ,  120
9 ,  182
14 ,  463
18 ,  3354
14 ,  420
9 ,  74
13 ,  475
12 ,  163
21 ,  1670
11 ,  323
29 ,  9622
16 ,  291
21 ,  2223
24 ,  48961
9 ,  89
11 ,  194
18 ,  650
16 ,  621
16 ,  517
19 ,  621
29 ,  27008
14 ,  195
6 ,  49
13 ,  301
13 ,  702
7 ,  93
16 ,  973
6 ,  48
13 ,  303
15 ,  291
12 ,  127
9 ,  65
10 ,  133
13 ,  234
11 ,  518
13 ,  204
15 ,  125
13 ,  222
16 ,  195
14 ,  908
12 ,  118
17 ,  1646
27 ,  12414
15 ,  369
13 ,  105
8 ,  154
11 ,  194
19 ,  935
11 ,  189
7 ,  89
12 ,  75
11 ,  376
8 ,  129
7 ,  129
10 ,  113
14 ,  2175
36 ,  10077
3 ,  39
12 ,  223
10 ,  115
6 ,  64
14 ,  452
10 ,  158
12 ,  147
14 ,  209
19 ,  4978
9 ,  75
8 ,  100
14 ,  297
11 ,  391
19 ,  1232
20 ,  721
6 ,  59
24 ,  1272
26 ,  21605
17 ,  2148
24 ,  655
11 ,  320
11 ,  156
6 ,  65
13 ,  250
6 ,  67
15 ,  591
13 ,  871
9 ,  168
13 ,  608
14 ,  486
9 ,  84
17 ,  1106
14 ,  719
11 ,  283
11 ,  180
16 ,  691
16 ,  145
15 ,  829
14 ,  600
13 ,  201
15 ,  512
13 ,  142
3 ,  34
12 ,  355
25 ,  13303
15 ,  482
28 ,  10925
13 ,  317
10 ,  192
9 ,  153
24 ,  3590
9 ,  182
12 ,  229
13 ,  248
13 ,  139
11 ,  125
20 ,  1460
10 ,  95
8 ,  58
20 ,  1259
5 ,  43
10 ,  124
14 ,  211
11 ,  194
10 ,  85
9 ,  111
20 ,  995
20 ,  1663
11 ,  187
13 ,  391
11 ,  321
8 ,  122
18 ,  508
6 ,  70
24 ,  12637
11 ,  599
8 ,  127
21 ,  1136
13 ,  329
9 ,  191
12 ,  481
7 ,  85
20 ,  3611
13 ,  119
12 ,  157
22 ,  2697
15 ,  157
18 ,  1834
16 ,  310
28 ,  6540
13 ,  218
11 ,  98
13 ,  163
4 ,  42
13 ,  200
9 ,  95
11 ,  231
8 ,  86
15 ,  909
9 ,  144
8 ,  139
16 ,  106
14 ,  382
11 ,  318
12 ,  358
17 ,  659
5 ,  55
17 ,  1123
27 ,  59630
14 ,  352
18 ,  344
18 ,  1454
10 ,  94
11 ,  125
19 ,  352
14 ,  447
11 ,  319
9 ,  128
13 ,  320
9 ,  129
7 ,  62
8 ,  53
8 ,  181
12 ,  101
14 ,  608
10 ,  176
13 ,  910
18 ,  1376
7 ,  100
11 ,  117
11 ,  232
21 ,  2226
27 ,  1409
18 ,  1621
16 ,  778
13 ,  186
12 ,  176
12 ,  295
7 ,  89
14 ,  476
8 ,  69
28 ,  3665
8 ,  110
10 ,  172
14 ,  131
11 ,  398
17 ,  522
9 ,  69
20 ,  4092
8 ,  156
9 ,  128
11 ,  148
20 ,  508
17 ,  115
6 ,  63
19 ,  1749
13 ,  334
15 ,  760
9 ,  146
14 ,  593
15 ,  1274
11 ,  75
8 ,  190
14 ,  260
7 ,  60
16 ,  371
20 ,  1558
7 ,  83
14 ,  221
10 ,  174
26 ,  6971
9 ,  218
12 ,  235
18 ,  285
8 ,  81
11 ,  342
10 ,  104
12 ,  251
25 ,  4212
14 ,  215
9 ,  106
12 ,  215
7 ,  71
10 ,  83
15 ,  150
12 ,  147
15 ,  2712
17 ,  427
12 ,  155
8 ,  97
9 ,  109
7 ,  66
20 ,  509
8 ,  138
18 ,  649
13 ,  775
11 ,  174
14 ,  142
12 ,  331
20 ,  2236
8 ,  86
21 ,  1450
12 ,  251
9 ,  99
20 ,  1346
9 ,  167
7 ,  87
10 ,  119
9 ,  190
5 ,  33
22 ,  5354
15 ,  405
13 ,  126
17 ,  448
10 ,  221
9 ,  260
25 ,  1477
13 ,  346
12 ,  312
15 ,  617
19 ,  2034
12 ,  165
20 ,  353
13 ,  156
27 ,  1910
6 ,  38
20 ,  1075
15 ,  476
14 ,  427
15 ,  252
7 ,  58
14 ,  267
11 ,  102
11 ,  145
12 ,  134
14 ,  673
10 ,  125
13 ,  403
13 ,  295
20 ,  1466
12 ,  79
18 ,  1339
16 ,  215
12 ,  371
14 ,  1632
15 ,  680
7 ,  94
14 ,  155
14 ,  544
13 ,  334
11 ,  112
10 ,  220
10 ,  108
13 ,  265
12 ,  369
15 ,  678
10 ,  163
10 ,  202
18 ,  212
17 ,  1536
12 ,  607
19 ,  366
7 ,  68
9 ,  436
13 ,  868
16 ,  618
44 ,  30171
28 ,  51194
10 ,  224
10 ,  77
21 ,  6655
12 ,  242
33 ,  8143
12 ,  217
14 ,  237
13 ,  535
16 ,  522
16 ,  1438
19 ,  2509
13 ,  262
22 ,  428
18 ,  352
7 ,  81
24 ,  2831
5 ,  50
17 ,  529
10 ,  283
11 ,  193
32 ,  13235
9 ,  301
19 ,  463
9 ,  70
9 ,  117
11 ,  243
15 ,  265
15 ,  197
11 ,  243
6 ,  60
15 ,  272
12 ,  143
13 ,  359
14 ,  454
14 ,  786
7 ,  79
19 ,  1129
26 ,  51034
10 ,  136
6 ,  92
13 ,  822
13 ,  105
15 ,  310
14 ,  380
9 ,  172
13 ,  454
11 ,  120
11 ,  350
12 ,  375
15 ,  138
9 ,  99
10 ,  88
13 ,  496
12 ,  290
16 ,  1011
9 ,  192
11 ,  135
12 ,  123
10 ,  325
12 ,  260
10 ,  185
14 ,  105
7 ,  73
7 ,  57
10 ,  175
15 ,  963
10 ,  176
13 ,  287
24 ,  8082
13 ,  460
14 ,  292
28 ,  15499
6 ,  54
22 ,  4058
7 ,  72
14 ,  264
23 ,  16436
9 ,  39
15 ,  301
10 ,  176
16 ,  111
13 ,  180
23 ,  2570
7 ,  123
11 ,  255
26 ,  12743
9 ,  178
19 ,  820
10 ,  175
11 ,  136
13 ,  1361
33 ,  2538
26 ,  2336
16 ,  1953
15 ,  231
14 ,  261
6 ,  79
13 ,  437
14 ,  617
10 ,  113
17 ,  743
17 ,  2526
32 ,  52897
8 ,  64
13 ,  385
8 ,  133
24 ,  1695
11 ,  171
23 ,  4802
14 ,  119
24 ,  2884
12 ,  180
14 ,  352
12 ,  177
10 ,  140
22 ,  435
9 ,  70
10 ,  281
15 ,  934
14 ,  297
18 ,  1058
10 ,  167
16 ,  922
25 ,  1346
16 ,  870
8 ,  90
27 ,  21562
10 ,  104
10 ,  125
10 ,  202
14 ,  174
12 ,  196
16 ,  716
13 ,  115
13 ,  341
6 ,  71
15 ,  791
5 ,  52
15 ,  376
11 ,  185
21 ,  237
17 ,  564
9 ,  93
8 ,  130
23 ,  950
11 ,  149
23 ,  2987
13 ,  207
12 ,  581
17 ,  1391
19 ,  601
13 ,  341
14 ,  391
11 ,  313
8 ,  113
26 ,  5234
17 ,  458
4 ,  41
9 ,  138
15 ,  1145
10 ,  148
14 ,  645
15 ,  114
10 ,  43
15 ,  1267
4 ,  53
14 ,  325
6 ,  59
10 ,  261
8 ,  71
13 ,  485
10 ,  111
18 ,  3725
17 ,  324
8 ,  65
8 ,  134
6 ,  70
12 ,  234
25 ,  2159
17 ,  1045
5 ,  72
11 ,  79
7 ,  47
9 ,  80
11 ,  364
9 ,  76
5 ,  63
6 ,  41
14 ,  205
13 ,  380
10 ,  87
12 ,  262
7 ,  62
9 ,  134
9 ,  113
9 ,  55
12 ,  660
13 ,  101
14 ,  646
15 ,  308
9 ,  141
14 ,  299
11 ,  362
9 ,  118
16 ,  685
15 ,  400
15 ,  783
9 ,  89
10 ,  245
10 ,  118
10 ,  94
9 ,  142
37 ,  5357
15 ,  496
12 ,  313
23 ,  9398
11 ,  95
9 ,  93
9 ,  120
13 ,  427
11 ,  276
23 ,  903
16 ,  1964
19 ,  388
15 ,  208
15 ,  956
14 ,  90
9 ,  140
9 ,  200
13 ,  286
11 ,  192
13 ,  500
19 ,  670
8 ,  144
22 ,  5079
11 ,  209
12 ,  392
6 ,  95
22 ,  3373
12 ,  547
8 ,  98
13 ,  139
12 ,  299
32 ,  28797
17 ,  1787
10 ,  163
16 ,  318
15 ,  784
12 ,  255
7 ,  67
13 ,  220
19 ,  2477
8 ,  60
17 ,  805
17 ,  195
15 ,  251
9 ,  62
16 ,  773
13 ,  214
12 ,  161
9 ,  120
23 ,  655
7 ,  137
6 ,  83
9 ,  270
7 ,  103
20 ,  1241
7 ,  36
15 ,  353
13 ,  188
15 ,  1091
11 ,  211
13 ,  548
7 ,  71
10 ,  147
22 ,  1886
18 ,  447
13 ,  195
13 ,  435
12 ,  248
33 ,  83995
12 ,  158
14 ,  486
6 ,  55
19 ,  1644
18 ,  1477
18 ,  372
14 ,  150
10 ,  43
15 ,  597
17 ,  95
8 ,  86
16 ,  1108
12 ,  347
11 ,  222
7 ,  137
7 ,  86
12 ,  738
10 ,  187
7 ,  55
14 ,  210
14 ,  499
15 ,  88
14 ,  172
11 ,  79
16 ,  613
12 ,  187
16 ,  157
12 ,  261
10 ,  239
12 ,  476
20 ,  669
16 ,  1677
9 ,  150
9 ,  102
12 ,  105
13 ,  546
7 ,  74
13 ,  215
7 ,  99
16 ,  468
16 ,  508
22 ,  8102
15 ,  153
11 ,  116
27 ,  13437
14 ,  877
12 ,  156
10 ,  138
20 ,  1052
14 ,  407
21 ,  3948
8 ,  79
8 ,  121
19 ,  467
4 ,  33
9 ,  106
18 ,  1264
8 ,  97
8 ,  171
16 ,  1521
13 ,  354
14 ,  1054
12 ,  240
8 ,  127
15 ,  952
16 ,  112
15 ,  133
23 ,  1330
13 ,  167
9 ,  126
11 ,  258
9 ,  127
8 ,  72
18 ,  3052
12 ,  96
6 ,  76
22 ,  2423
19 ,  439
12 ,  672
8 ,  87
16 ,  1029
11 ,  101
20 ,  1281
9 ,  98
16 ,  110
7 ,  104
13 ,  481
9 ,  223
18 ,  985
15 ,  283
12 ,  277
12 ,  265
9 ,  108
18 ,  1529
20 ,  1069
10 ,  375
14 ,  356
16 ,  363
16 ,  3596
25 ,  401
9 ,  236
27 ,  27329
16 ,  586
15 ,  2499
11 ,  277
25 ,  24273
10 ,  111
8 ,  157
13 ,  469
18 ,  4119
18 ,  2124
17 ,  739
8 ,  97
20 ,  844
12 ,  213
53 ,  73739
6 ,  117
10 ,  75
9 ,  78
19 ,  1027
8 ,  105
10 ,  115
12 ,  127
8 ,  59
15 ,  3232
10 ,  132
12 ,  257
8 ,  91
12 ,  211
15 ,  338
13 ,  701
11 ,  218
10 ,  141
8 ,  180
21 ,  2063
17 ,  833
13 ,  253
23 ,  3302
6 ,  41
15 ,  583
11 ,  123
7 ,  70
12 ,  326
16 ,  832
27 ,  19746
9 ,  252
8 ,  171
7 ,  68
18 ,  1620
10 ,  234
19 ,  4106
12 ,  361
8 ,  114
11 ,  262
28 ,  1424
8 ,  84
11 ,  154
11 ,  169
14 ,  332
12 ,  72
10 ,  132
15 ,  327
6 ,  44
9 ,  77
9 ,  118
13 ,  309
14 ,  309
13 ,  301
12 ,  234
14 ,  161
15 ,  234
9 ,  152
12 ,  306
12 ,  137
15 ,  445
16 ,  353
18 ,  2771
12 ,  170
8 ,  121
13 ,  429
14 ,  263
12 ,  132
25 ,  2627
9 ,  92
8 ,  66
12 ,  341
17 ,  174
9 ,  95
10 ,  335
9 ,  103
12 ,  159
13 ,  642
10 ,  125
13 ,  314
9 ,  125
11 ,  159
10 ,  194
25 ,  681
10 ,  106
9 ,  199
14 ,  241
7 ,  73
16 ,  682
16 ,  480
10 ,  270
7 ,  96
10 ,  60
7 ,  61
7 ,  74
7 ,  151
12 ,  501
7 ,  99
25 ,  3328
11 ,  484
9 ,  194
9 ,  88
15 ,  640
5 ,  77
8 ,  84
15 ,  260
7 ,  84
15 ,  1424
13 ,  679
14 ,  288
18 ,  564
19 ,  477
16 ,  845
9 ,  116
5 ,  41
28 ,  3913
8 ,  172
13 ,  388
18 ,  5282
14 ,  593
6 ,  73
23 ,  3679
22 ,  1891
13 ,  358
9 ,  87
18 ,  1763
7 ,  133
27 ,  1463
18 ,  763
11 ,  294
19 ,  1606
16 ,  709
17 ,  419
14 ,  655
11 ,  259
7 ,  79
14 ,  304
14 ,  71
13 ,  116
21 ,  1033
19 ,  1415
12 ,  129
16 ,  151
16 ,  546
11 ,  237
15 ,  836
28 ,  9762
7 ,  107
13 ,  903
10 ,  95
15 ,  607
10 ,  333
10 ,  99
10 ,  91
6 ,  52
16 ,  446
13 ,  405
18 ,  1284
18 ,  645
24 ,  5474
14 ,  1327
10 ,  174
34 ,  10776
9 ,  175
17 ,  900
10 ,  175
10 ,  123
10 ,  126
13 ,  194
20 ,  1478
8 ,  82
10 ,  300
24 ,  546
12 ,  343
10 ,  232
21 ,  1751
16 ,  726
11 ,  515
14 ,  221
10 ,  120
9 ,  101
9 ,  120
21 ,  1791
13 ,  142
15 ,  1361
7 ,  89
22 ,  2448
11 ,  233
11 ,  107
11 ,  153
15 ,  531
14 ,  270
8 ,  200
9 ,  95
11 ,  231
20 ,  1824
13 ,  336
16 ,  396
12 ,  161
11 ,  207
14 ,  506
28 ,  33713
11 ,  150
17 ,  405
20 ,  674
10 ,  90
10 ,  181
10 ,  187
14 ,  216
26 ,  12466
11 ,  105
11 ,  230
11 ,  107
23 ,  3770
10 ,  190
13 ,  414
4 ,  49
20 ,  2112
6 ,  64
27 ,  20550
6 ,  62
14 ,  705
10 ,  242
17 ,  2295
7 ,  80
15 ,  258
13 ,  367
18 ,  515
18 ,  1166
15 ,  1112
8 ,  81
15 ,  2265
9 ,  115
12 ,  241
13 ,  505
14 ,  143
19 ,  1000
16 ,  1836
42 ,  296013
9 ,  246
10 ,  111
5 ,  73
12 ,  115
19 ,  2799
17 ,  1680
11 ,  113
14 ,  187
11 ,  136
16 ,  233
19 ,  1633
11 ,  149
11 ,  131
12 ,  466
16 ,  688
15 ,  1280
16 ,  447
16 ,  358
15 ,  370
15 ,  657
19 ,  1089
11 ,  186
18 ,  743
9 ,  77
20 ,  275
12 ,  238
16 ,  145
8 ,  119
8 ,  110
16 ,  200
5 ,  61
8 ,  81
17 ,  5611
7 ,  74
10 ,  142
8 ,  70
21 ,  3295
24 ,  1618
18 ,  1229
14 ,  144
10 ,  122
15 ,  1563
12 ,  249
11 ,  329
10 ,  84
12 ,  184
11 ,  149
16 ,  1185
27 ,  18505
11 ,  232
9 ,  143
7 ,  69
13 ,  38
16 ,  1121
25 ,  11739
16 ,  219
8 ,  233
17 ,  420
11 ,  210
17 ,  1598
16 ,  1103
23 ,  1096
21 ,  2635
20 ,  370
15 ,  37
18 ,  2644
10 ,  152
11 ,  235
10 ,  710
23 ,  16974
17 ,  374
19 ,  4273
10 ,  147
10 ,  83
14 ,  168
15 ,  330
9 ,  73
11 ,  222
12 ,  224
7 ,  79
17 ,  301
10 ,  273
17 ,  1772
16 ,  853
13 ,  232
5 ,  56
6 ,  69
13 ,  184
10 ,  280
19 ,  585
14 ,  542
16 ,  690
20 ,  10655
11 ,  297
11 ,  145
8 ,  130
17 ,  343
15 ,  264
10 ,  183
8 ,  95
15 ,  514
9 ,  86
11 ,  224
15 ,  86
25 ,  15833
21 ,  2228
23 ,  1261
16 ,  160
18 ,  1473
15 ,  2680
17 ,  757
11 ,  247
11 ,  188
11 ,  330
13 ,  569
14 ,  564
15 ,  1228
8 ,  66
13 ,  354
8 ,  77
14 ,  583
18 ,  594
9 ,  86
17 ,  838
17 ,  136
19 ,  2384
13 ,  390
9 ,  78
8 ,  34
9 ,  85
12 ,  136
14 ,  465
16 ,  727
12 ,  262
12 ,  336
39 ,  425306
10 ,  137
15 ,  120
13 ,  341
9 ,  123
13 ,  491
11 ,  262
9 ,  92
11 ,  123
8 ,  97
7 ,  88
16 ,  562
10 ,  234
13 ,  301
12 ,  378
12 ,  233
14 ,  444
14 ,  182
9 ,  190
18 ,  4338
12 ,  198
16 ,  321
5 ,  66
14 ,  288
11 ,  202
23 ,  2069
9 ,  253
9 ,  144
11 ,  258
7 ,  97
9 ,  53
13 ,  250
7 ,  70
10 ,  119
8 ,  61
28 ,  30962
14 ,  478
10 ,  126
16 ,  915
8 ,  84
13 ,  484
6 ,  51
19 ,  837
11 ,  69
17 ,  370
10 ,  203
6 ,  69
13 ,  204
11 ,  123
15 ,  120
10 ,  62
15 ,  907
8 ,  95
8 ,  93
8 ,  122
13 ,  563
16 ,  601
33 ,  22324
17 ,  709
18 ,  823
15 ,  384
10 ,  99
9 ,  186
10 ,  183
27 ,  2474
13 ,  196
12 ,  297
19 ,  303
16 ,  2444
6 ,  105
8 ,  112
28 ,  18623
12 ,  376
7 ,  87
19 ,  1045
10 ,  155
8 ,  93
31 ,  4089
8 ,  201
9 ,  165
10 ,  116
9 ,  58
4 ,  48
14 ,  195
19 ,  3775
8 ,  160
8 ,  40
17 ,  1852
12 ,  449
9 ,  91
17 ,  1122
15 ,  280
10 ,  172
11 ,  138
8 ,  125
17 ,  932
12 ,  186
12 ,  160
19 ,  1510
9 ,  134
20 ,  873
6 ,  116
12 ,  79
18 ,  1028
16 ,  754
10 ,  266
9 ,  133
10 ,  130
11 ,  134
8 ,  77
22 ,  409
12 ,  427
19 ,  314
10 ,  386
12 ,  716
13 ,  484
6 ,  57
15 ,  285
16 ,  465
8 ,  108
8 ,  129
11 ,  80
8 ,  146
18 ,  1024
10 ,  133
8 ,  99
12 ,  108
11 ,  108
16 ,  325
17 ,  663
17 ,  528
14 ,  299
10 ,  70
13 ,  284
9 ,  103
26 ,  4929
18 ,  2612
11 ,  208
14 ,  883
20 ,  1389
11 ,  89
7 ,  106
13 ,  121
10 ,  119
28 ,  38248
12 ,  206
13 ,  245
6 ,  64
18 ,  658
17 ,  976
8 ,  104
21 ,  741
14 ,  232
16 ,  135
7 ,  96
11 ,  494
8 ,  84
14 ,  375
10 ,  36
8 ,  67
33 ,  100771
22 ,  9297
20 ,  4245
12 ,  380
10 ,  304
10 ,  96
11 ,  246
18 ,  1275
3 ,  36
13 ,  233
12 ,  258
8 ,  60
20 ,  1845
10 ,  152
8 ,  62
10 ,  143
11 ,  106
9 ,  157
11 ,  109
16 ,  520
8 ,  143
8 ,  100
18 ,  3818
10 ,  204
13 ,  346
20 ,  787
11 ,  88
13 ,  323
19 ,  953
4 ,  29
22 ,  937
17 ,  346
5 ,  63
11 ,  222
16 ,  319
9 ,  91
35 ,  242362
17 ,  1411
16 ,  1580
13 ,  174
12 ,  330
15 ,  897
11 ,  193
15 ,  1037
10 ,  145
9 ,  120
9 ,  144
7 ,  62
22 ,  2060
11 ,  293
11 ,  255
12 ,  159
16 ,  354
13 ,  153
11 ,  386
17 ,  86
39 ,  43934
12 ,  159
15 ,  536
12 ,  124
23 ,  1755
4 ,  43
26 ,  1364
11 ,  358
14 ,  247
28 ,  42
21 ,  908
14 ,  750
15 ,  325
28 ,  5940
15 ,  285
8 ,  107
15 ,  36
15 ,  471
7 ,  69
4 ,  40
13 ,  559
17 ,  539
7 ,  81
11 ,  176
14 ,  450
14 ,  610
7 ,  86
16 ,  680
10 ,  437
14 ,  401
10 ,  176
4 ,  26
20 ,  1764
12 ,  522
14 ,  402
9 ,  88
11 ,  104
23 ,  11434
15 ,  643
9 ,  141
12 ,  950
12 ,  100
27 ,  11304
7 ,  125
4 ,  33
16 ,  229
11 ,  302
13 ,  642
27 ,  1215
19 ,  4476
6 ,  72
9 ,  116
9 ,  163
17 ,  491
14 ,  204
10 ,  126
7 ,  84
20 ,  265
10 ,  75
5 ,  64
28 ,  15391
18 ,  775
12 ,  642
8 ,  243
11 ,  132
7 ,  68
10 ,  164
15 ,  282
11 ,  95
12 ,  94
12 ,  144
15 ,  158
8 ,  75
31 ,  9964
19 ,  837
15 ,  339
2 ,  27
10 ,  431
22 ,  8030
15 ,  414
12 ,  145
9 ,  136
14 ,  447
14 ,  152
10 ,  152
10 ,  251
11 ,  89
17 ,  1197
20 ,  958
9 ,  82
11 ,  194
21 ,  1188
9 ,  97
34 ,  36383
20 ,  1053
6 ,  57
13 ,  364
17 ,  844
28 ,  14724
6 ,  91
8 ,  70
14 ,  208
3 ,  27
11 ,  220
11 ,  208
9 ,  118
8 ,  125
19 ,  798
15 ,  246
19 ,  3211
24 ,  6100
16 ,  604
12 ,  239
16 ,  288
12 ,  304
9 ,  107
10 ,  110
17 ,  922
9 ,  36
10 ,  136
5 ,  46
13 ,  104
9 ,  103
18 ,  900
14 ,  269
12 ,  392
9 ,  73
14 ,  224
15 ,  215
18 ,  2052
9 ,  161
22 ,  5756
9 ,  97
12 ,  696
18 ,  1544
6 ,  75
20 ,  2743
25 ,  2033
11 ,  279
7 ,  83
8 ,  162
20 ,  1968
9 ,  161
8 ,  79
13 ,  275
17 ,  800
17 ,  1350
10 ,  192
25 ,  3128
4 ,  57
9 ,  131
12 ,  180
11 ,  156
7 ,  78
9 ,  171
6 ,  44
29 ,  44433
16 ,  589
16 ,  485
3 ,  34
21 ,  763
12 ,  78
14 ,  375
16 ,  1055
12 ,  281
14 ,  435
22 ,  1667
14 ,  528
23 ,  2617
19 ,  107
9 ,  130
9 ,  98
7 ,  75
11 ,  213
2 ,  26
20 ,  2516
13 ,  538
22 ,  6942
23 ,  5882
12 ,  195
11 ,  296
11 ,  189
6 ,  77
7 ,  103
22 ,  1194
17 ,  756
16 ,  771
17 ,  677
11 ,  419
17 ,  415
8 ,  80
14 ,  263
13 ,  280
8 ,  82
18 ,  1156
7 ,  132
19 ,  1045
15 ,  247
7 ,  125
5 ,  50
13 ,  473
9 ,  140
5 ,  60
20 ,  2114
19 ,  4085
9 ,  96
23 ,  5846
12 ,  246
31 ,  79433
5 ,  41
20 ,  4869
4 ,  54
9 ,  113
10 ,  139
3 ,  28
32 ,  9274
20 ,  11116
12 ,  290
11 ,  499
21 ,  4077
18 ,  373
19 ,  1655
9 ,  145
17 ,  85
7 ,  78
11 ,  195
12 ,  105
17 ,  249
16 ,  2632
6 ,  60
12 ,  202
16 ,  409
11 ,  45
11 ,  152
10 ,  79
9 ,  156
15 ,  154
9 ,  78
16 ,  1129
8 ,  72
7 ,  80
10 ,  249
8 ,  36
8 ,  114
20 ,  3064
11 ,  361
7 ,  63
13 ,  470
16 ,  196
19 ,  2117
7 ,  146
10 ,  80
12 ,  214
24 ,  2131
13 ,  345
11 ,  160
13 ,  111
18 ,  200
15 ,  130
9 ,  79
6 ,  51
27 ,  5415
25 ,  6159
8 ,  109
11 ,  160
10 ,  115
6 ,  57
9 ,  102
8 ,  88
12 ,  36
6 ,  53
9 ,  177
15 ,  872
24 ,  729
6 ,  53
12 ,  439
10 ,  101
11 ,  451
13 ,  653
9 ,  83
12 ,  348
14 ,  171
15 ,  1377
10 ,  118
19 ,  1220
10 ,  101
7 ,  103
10 ,  128
10 ,  207
11 ,  221
8 ,  136
9 ,  85
8 ,  118
15 ,  190
13 ,  359
8 ,  76
13 ,  231
11 ,  36
16 ,  1158
7 ,  71
19 ,  2604
21 ,  6469
15 ,  528
18 ,  366
7 ,  84
7 ,  95
16 ,  203
10 ,  166
10 ,  151
7 ,  120
10 ,  92
17 ,  2217
9 ,  173
21 ,  682
7 ,  111
20 ,  5065
11 ,  123
11 ,  145
10 ,  81
12 ,  138
31 ,  21137
14 ,  316
12 ,  88
12 ,  224
9 ,  120
6 ,  47
23 ,  724
10 ,  139
10 ,  151
6 ,  58
7 ,  90
13 ,  284
14 ,  470
14 ,  1019
26 ,  27641
16 ,  1370
16 ,  2954
24 ,  508
14 ,  326
16 ,  713
10 ,  175
8 ,  117
15 ,  151
14 ,  113
21 ,  2230
11 ,  101
14 ,  440
15 ,  319
27 ,  11523
11 ,  310
12 ,  129
16 ,  274
13 ,  121
6 ,  65
14 ,  196
7 ,  86
16 ,  1368
11 ,  125
12 ,  246
15 ,  272
10 ,  145
23 ,  3128
10 ,  183
12 ,  190
10 ,  121
11 ,  120
12 ,  270
19 ,  200
9 ,  202
10 ,  143
9 ,  117
17 ,  463
11 ,  320
13 ,  485
7 ,  100
39 ,  5759
10 ,  188
15 ,  299
7 ,  82
16 ,  844
12 ,  326
20 ,  154
25 ,  3191
8 ,  135
14 ,  339
7 ,  86
16 ,  144
20 ,  1087
9 ,  192
20 ,  2852
6 ,  64
15 ,  334
18 ,  698
13 ,  127
19 ,  499
10 ,  271
23 ,  333
18 ,  2249
14 ,  827
8 ,  43
9 ,  146
15 ,  1346
10 ,  91
12 ,  146
16 ,  173
6 ,  57
8 ,  58
11 ,  193
11 ,  229
16 ,  292
15 ,  406
18 ,  577
10 ,  82
15 ,  977
26 ,  955
19 ,  2652
18 ,  752
23 ,  5506
17 ,  611
20 ,  3694
12 ,  147
11 ,  173
11 ,  235
8 ,  109
6 ,  52
8 ,  67
12 ,  165
18 ,  369
9 ,  150
13 ,  268
9 ,  64
12 ,  425
13 ,  745
8 ,  89
12 ,  902
26 ,  6889
13 ,  430
16 ,  987
14 ,  38
16 ,  630
12 ,  674
12 ,  159
7 ,  62
11 ,  175
16 ,  165
11 ,  54
8 ,  88
7 ,  67
11 ,  130
13 ,  123
17 ,  451
7 ,  137
13 ,  208
17 ,  1360
9 ,  79
8 ,  78
13 ,  670
17 ,  315
6 ,  54
26 ,  29446
13 ,  191
12 ,  255
18 ,  3290
26 ,  13074
19 ,  1443
5 ,  53
7 ,  68
8 ,  194
16 ,  199
10 ,  275
15 ,  1384
16 ,  1038
13 ,  173
9 ,  110
7 ,  89
6 ,  66
8 ,  75
13 ,  260
18 ,  409
19 ,  2598
10 ,  87
19 ,  1833
17 ,  142
10 ,  212
19 ,  534
14 ,  904
12 ,  556
15 ,  1315
10 ,  194
17 ,  373
10 ,  150
7 ,  86
9 ,  96
9 ,  67
11 ,  278
10 ,  69
22 ,  1997
10 ,  184
28 ,  845
17 ,  549
12 ,  543
11 ,  121
16 ,  3351
12 ,  135
7 ,  118
13 ,  183
10 ,  244
7 ,  92
11 ,  208
15 ,  288
10 ,  83
12 ,  282
12 ,  152
14 ,  153
12 ,  358
20 ,  1619
12 ,  258
14 ,  517
15 ,  288
9 ,  144
20 ,  1691
11 ,  82
11 ,  83
24 ,  4707
9 ,  128
12 ,  86
11 ,  96
8 ,  68
14 ,  873
11 ,  138
20 ,  598
14 ,  401
13 ,  153
12 ,  600
15 ,  550
18 ,  330
10 ,  168
12 ,  428
12 ,  151
7 ,  84
15 ,  1030
18 ,  1141
24 ,  3083
20 ,  1360
10 ,  111
21 ,  5264
7 ,  81
9 ,  164
16 ,  949
10 ,  197
16 ,  834
25 ,  506
10 ,  232
12 ,  167
24 ,  2099
9 ,  57
11 ,  243
16 ,  1083
22 ,  5805
14 ,  831
8 ,  135
9 ,  181
15 ,  199
13 ,  555
11 ,  205
12 ,  177
16 ,  352
8 ,  98
11 ,  241
12 ,  167
13 ,  276
13 ,  313
26 ,  31053
12 ,  94
9 ,  137
6 ,  83
21 ,  3952
16 ,  1917
22 ,  1690
12 ,  178
12 ,  186
6 ,  53
19 ,  843
15 ,  918
8 ,  122
13 ,  477
5 ,  54
8 ,  122
21 ,  770
12 ,  454
17 ,  910
11 ,  343
24 ,  2913
9 ,  72
16 ,  762
12 ,  140
41 ,  21399
12 ,  208
8 ,  105
23 ,  1071
14 ,  704
13 ,  218
25 ,  9743
10 ,  156
17 ,  226
18 ,  1264
8 ,  128
14 ,  485
11 ,  242
13 ,  222
12 ,  156
12 ,  138
16 ,  1384
14 ,  539
8 ,  95
17 ,  1050
13 ,  95
10 ,  178
16 ,  837
15 ,  326
9 ,  84
13 ,  72
10 ,  155
16 ,  1053
11 ,  76
10 ,  52
9 ,  86
8 ,  176
12 ,  115
11 ,  166
11 ,  113
9 ,  157
14 ,  394
18 ,  319
20 ,  1822
8 ,  45
16 ,  1057
9 ,  85
25 ,  1991
13 ,  469
14 ,  315
29 ,  7216
17 ,  1126
24 ,  6587
9 ,  112
11 ,  387
7 ,  107
10 ,  116
12 ,  227
12 ,  59
13 ,  287
21 ,  650
7 ,  101
28 ,  3322
8 ,  143
13 ,  247
14 ,  256
9 ,  91
19 ,  1786
12 ,  72
20 ,  2358
24 ,  2860
9 ,  67
13 ,  149
16 ,  587
18 ,  188
10 ,  173
20 ,  2255
9 ,  115
17 ,  489
15 ,  379
25 ,  1302
11 ,  202
12 ,  341
35 ,  452488
9 ,  233
13 ,  504
16 ,  316
13 ,  265
11 ,  130
16 ,  276
15 ,  205
12 ,  328
15 ,  390
21 ,  1017
9 ,  166
8 ,  150
25 ,  6214
23 ,  1145
15 ,  1019
15 ,  450
17 ,  723
8 ,  128
16 ,  989
13 ,  351
10 ,  169
3 ,  36
5 ,  70
13 ,  109
11 ,  279
27 ,  14332
33 ,  14758
16 ,  453
14 ,  1307
9 ,  69
10 ,  367
11 ,  110
9 ,  131
12 ,  591
17 ,  338
14 ,  303
21 ,  3265
13 ,  358
18 ,  1580
15 ,  262
12 ,  220
6 ,  54
8 ,  87
10 ,  297
21 ,  3621
24 ,  452
20 ,  2787
12 ,  97
10 ,  125
18 ,  511
9 ,  140
18 ,  492
7 ,  82
11 ,  296
8 ,  120
16 ,  497
18 ,  4037
10 ,  128
33 ,  6019
11 ,  240
9 ,  103
16 ,  668
10 ,  197
12 ,  425
12 ,  342
5 ,  64
9 ,  120
11 ,  129
12 ,  321
8 ,  129
18 ,  922
16 ,  641
11 ,  37
13 ,  452
15 ,  615
19 ,  2046
9 ,  267
11 ,  180
10 ,  43
5 ,  61
7 ,  84
13 ,  242
6 ,  59
9 ,  112
9 ,  157
10 ,  88
18 ,  1814
12 ,  203
11 ,  232
9 ,  175
15 ,  778
22 ,  8547
12 ,  255
11 ,  225
9 ,  287
10 ,  114
16 ,  467
18 ,  2899
7 ,  79
13 ,  124
10 ,  158
11 ,  70
12 ,  312
10 ,  149
7 ,  109
10 ,  162
20 ,  548
20 ,  849
22 ,  4623
11 ,  103
14 ,  394
34 ,  312435
10 ,  466
12 ,  207
21 ,  626
10 ,  90
12 ,  472
25 ,  2650
10 ,  238
19 ,  641
58 ,  16875
15 ,  1540
9 ,  124
10 ,  57
20 ,  1183
11 ,  206
7 ,  187
15 ,  586
12 ,  166
11 ,  245
18 ,  2077
21 ,  3632
11 ,  138
13 ,  524
7 ,  64
21 ,  2968
10 ,  181
25 ,  15652
10 ,  65
17 ,  1032
17 ,  832
16 ,  426
23 ,  1995
6 ,  80
22 ,  2082
18 ,  1224
10 ,  170
11 ,  452
13 ,  238
10 ,  149
12 ,  130
13 ,  266
11 ,  362
22 ,  3925
17 ,  1208
10 ,  142
12 ,  432
10 ,  197
15 ,  92
5 ,  91
12 ,  216
13 ,  435
19 ,  2710
12 ,  580
11 ,  128
6 ,  62
17 ,  619
21 ,  917
11 ,  205
8 ,  92
15 ,  53
9 ,  125
16 ,  1929
13 ,  560
18 ,  976
13 ,  1065
16 ,  602
14 ,  242
13 ,  272
10 ,  97
18 ,  1401
12 ,  219
12 ,  166
9 ,  154
9 ,  120
9 ,  184
5 ,  60
15 ,  283
10 ,  140
12 ,  293
17 ,  1317
7 ,  141
20 ,  1327
18 ,  871
19 ,  1106
17 ,  865
11 ,  406
35 ,  51769
25 ,  4532
9 ,  247
11 ,  124
16 ,  1138
9 ,  48
8 ,  70
11 ,  452
8 ,  124
17 ,  530
11 ,  319
12 ,  181
11 ,  175
13 ,  186
10 ,  118
14 ,  491
12 ,  99
10 ,  122
27 ,  1265
5 ,  49
15 ,  118
7 ,  107
14 ,  485
9 ,  86
21 ,  1073
11 ,  252
22 ,  3799
13 ,  289
8 ,  93
12 ,  182
28 ,  7494
10 ,  213
7 ,  115
12 ,  294
12 ,  87
9 ,  224
23 ,  1440
13 ,  198
19 ,  1012
8 ,  182
12 ,  183
15 ,  334
15 ,  211
16 ,  914
8 ,  51
18 ,  1044
17 ,  376
8 ,  127
13 ,  431
10 ,  147
8 ,  91
17 ,  229
16 ,  472
19 ,  850
33 ,  7688
5 ,  32
9 ,  152
12 ,  213
16 ,  203
10 ,  175
17 ,  1419
12 ,  131
36 ,  6836
20 ,  486
19 ,  877
18 ,  1117
12 ,  144
11 ,  322
16 ,  1194
14 ,  630
19 ,  393
14 ,  243
20 ,  918
12 ,  91
7 ,  46
9 ,  88
11 ,  407
21 ,  1338
18 ,  335
11 ,  210
8 ,  124
21 ,  6255
15 ,  772
14 ,  306
4 ,  47
23 ,  7182
15 ,  332
18 ,  242
16 ,  1058
8 ,  94
12 ,  118
10 ,  284
11 ,  183
17 ,  370
10 ,  108
13 ,  488
8 ,  80
11 ,  245
15 ,  165
12 ,  160
11 ,  154
13 ,  633
12 ,  234
14 ,  105
14 ,  400
23 ,  3904
28 ,  26073
9 ,  97
25 ,  10133
10 ,  194
23 ,  6836
8 ,  127
4 ,  47
7 ,  99
8 ,  108
24 ,  855
8 ,  85
11 ,  152
10 ,  100
5 ,  40
6 ,  80
12 ,  748
25 ,  918
11 ,  114
10 ,  82
14 ,  141
21 ,  573
8 ,  124
18 ,  849
9 ,  85
11 ,  71
9 ,  92
12 ,  186
20 ,  4373
19 ,  258
6 ,  69
10 ,  197
15 ,  832
12 ,  285
25 ,  10782
9 ,  213
9 ,  52
9 ,  144
18 ,  363
20 ,  3681
13 ,  792
13 ,  136
12 ,  383
11 ,  98
3 ,  25
11 ,  174
12 ,  434
27 ,  4206
7 ,  130
15 ,  728
19 ,  4097
11 ,  130
9 ,  163
10 ,  168
10 ,  64
6 ,  57
14 ,  391
14 ,  116
6 ,  72
17 ,  1213
12 ,  155
12 ,  301
7 ,  119
11 ,  127
9 ,  104
17 ,  1215
15 ,  868
8 ,  73
6 ,  70
8 ,  82
8 ,  146
26 ,  5319
11 ,  304
6 ,  69
28 ,  7626
16 ,  1173
15 ,  611
26 ,  15599
24 ,  22770
16 ,  715
14 ,  461
12 ,  147
17 ,  1044
15 ,  1599
18 ,  207
12 ,  216
18 ,  939
16 ,  1283
26 ,  6605
19 ,  686
8 ,  118
11 ,  230
4 ,  42
9 ,  88
9 ,  121
23 ,  4069
18 ,  703
11 ,  68
14 ,  359
7 ,  69
5 ,  44
10 ,  115
12 ,  109
8 ,  133
10 ,  109
7 ,  86
8 ,  113
12 ,  277
22 ,  1966
13 ,  515
10 ,  88
16 ,  616
8 ,  101
19 ,  443
31 ,  3517
9 ,  149
27 ,  27212
5 ,  74
17 ,  1240
5 ,  61
9 ,  78
10 ,  152
16 ,  503
14 ,  1204
8 ,  72
9 ,  260
23 ,  3437
13 ,  194
13 ,  203
12 ,  435
10 ,  314
20 ,  1501
10 ,  170
12 ,  144
13 ,  127
12 ,  132
20 ,  2096
9 ,  268
25 ,  5934
36 ,  792302
13 ,  102
5 ,  70
6 ,  84
11 ,  309
10 ,  186
21 ,  1036
12 ,  793
16 ,  406
19 ,  699
12 ,  650
7 ,  72
15 ,  879
11 ,  282
19 ,  2303
15 ,  828
10 ,  164
15 ,  813
9 ,  89
10 ,  213
16 ,  1438
10 ,  92
24 ,  4296
15 ,  298
12 ,  93
23 ,  2254
11 ,  188
16 ,  439
14 ,  480
20 ,  6408
9 ,  159
16 ,  311
10 ,  125
11 ,  163
8 ,  130
22 ,  719
10 ,  191
5 ,  46
6 ,  52
16 ,  614
24 ,  21432
10 ,  201
21 ,  221
19 ,  828
13 ,  98
12 ,  186
13 ,  400
14 ,  361
11 ,  197
15 ,  363
6 ,  55
9 ,  118
9 ,  85
14 ,  655
20 ,  172
7 ,  63
27 ,  2968
6 ,  68
13 ,  208
34 ,  9052
16 ,  1115
9 ,  124
10 ,  174
12 ,  341
14 ,  417
16 ,  2321
16 ,  1488
10 ,  290
11 ,  105
9 ,  108
17 ,  1823
16 ,  1287
10 ,  215
13 ,  150
17 ,  1529
6 ,  56
16 ,  299
16 ,  814
12 ,  316
12 ,  389
15 ,  329
19 ,  2917
7 ,  100
23 ,  1098
14 ,  155
10 ,  52
11 ,  214
20 ,  1239
9 ,  166
16 ,  744
6 ,  65
15 ,  2341
19 ,  2610
7 ,  89
16 ,  631
12 ,  244
13 ,  53
28 ,  51276
11 ,  213
24 ,  2491
6 ,  63
16 ,  1014
12 ,  327
10 ,  175
19 ,  300
14 ,  315
15 ,  426
28 ,  4372
9 ,  168
13 ,  145
7 ,  34
10 ,  78
23 ,  3051
27 ,  409
14 ,  263
7 ,  60
5 ,  52
15 ,  321
8 ,  149
18 ,  388
8 ,  101
18 ,  1318
16 ,  70
9 ,  118
23 ,  6479
9 ,  318
12 ,  186
18 ,  318
13 ,  381
19 ,  2029
17 ,  733
14 ,  299
25 ,  461
8 ,  125
16 ,  259
22 ,  1980
12 ,  195
20 ,  884
9 ,  74
16 ,  1062
12 ,  980
13 ,  117
12 ,  153
8 ,  210
15 ,  1127
17 ,  405
13 ,  298
5 ,  53
16 ,  845
19 ,  971
9 ,  108
7 ,  63
11 ,  176
35 ,  2250
13 ,  477
13 ,  352
4 ,  54
10 ,  151
5 ,  43
18 ,  1016
15 ,  111
9 ,  278
17 ,  511
17 ,  529
20 ,  1940
15 ,  204
12 ,  504
11 ,  93
13 ,  274
11 ,  239
12 ,  96
8 ,  68
17 ,  307
12 ,  188
15 ,  178
13 ,  393
6 ,  69
16 ,  665
7 ,  69
17 ,  2955
5 ,  78
24 ,  5481
14 ,  215
13 ,  370
9 ,  78
11 ,  193
4 ,  40
25 ,  6612
26 ,  4943
14 ,  432
13 ,  407
19 ,  969
19 ,  1938
9 ,  75
24 ,  11119
8 ,  69
9 ,  87
16 ,  407
16 ,  63
5 ,  40
11 ,  291
11 ,  174
15 ,  516
16 ,  312
16 ,  816
7 ,  120
20 ,  1559
9 ,  151
20 ,  675
14 ,  355
10 ,  535
16 ,  324
23 ,  1060
13 ,  341
19 ,  2124
9 ,  136
16 ,  665
11 ,  205
15 ,  141
13 ,  294
18 ,  872
11 ,  63
14 ,  574
25 ,  883
16 ,  230
5 ,  44
22 ,  4045
11 ,  103
10 ,  148
8 ,  138
20 ,  5463
12 ,  195
7 ,  62
14 ,  926
12 ,  893
9 ,  211
25 ,  2721
21 ,  2702
20 ,  993
10 ,  93
11 ,  263
9 ,  70
18 ,  1326
14 ,  479
11 ,  151
11 ,  35
15 ,  637
15 ,  695
9 ,  142
8 ,  123
19 ,  783
16 ,  806
20 ,  613
15 ,  168
28 ,  4786
11 ,  268
20 ,  7249
11 ,  121
13 ,  190
21 ,  1898
13 ,  153
5 ,  52
25 ,  761
15 ,  273
13 ,  122
26 ,  3926
13 ,  182
19 ,  1288
13 ,  183
19 ,  908
14 ,  273
15 ,  1053
12 ,  302
18 ,  931
11 ,  288
8 ,  49
9 ,  129
9 ,  252
14 ,  147
29 ,  21154
17 ,  199
18 ,  687
10 ,  214
10 ,  298
13 ,  270
7 ,  52
13 ,  313
11 ,  192
8 ,  119
16 ,  786
9 ,  210
17 ,  374
12 ,  380
10 ,  138
21 ,  15693
16 ,  219
25 ,  4413
7 ,  93
12 ,  226
12 ,  313
24 ,  1876
11 ,  372
14 ,  189
10 ,  76
9 ,  114
5 ,  36
39 ,  251358
11 ,  170
11 ,  105
15 ,  136
5 ,  51
9 ,  70
28 ,  8382
12 ,  113
17 ,  1941
11 ,  279
17 ,  924
10 ,  325
10 ,  58
8 ,  83
9 ,  57
13 ,  426
13 ,  394
11 ,  112
15 ,  364
15 ,  362
7 ,  106
10 ,  96
7 ,  60
4 ,  30
26 ,  10031
12 ,  156
15 ,  423
9 ,  87
30 ,  4468
9 ,  141
15 ,  320
2 ,  27
9 ,  167
9 ,  202
23 ,  1475
8 ,  105
10 ,  246
13 ,  290
18 ,  1332
16 ,  397
4 ,  43
11 ,  217
16 ,  596
9 ,  97
21 ,  1571
19 ,  4548
19 ,  2347
24 ,  34461
10 ,  196
6 ,  73
12 ,  165
10 ,  246
16 ,  304
8 ,  80
9 ,  248
11 ,  317
12 ,  316
9 ,  161
6 ,  63
5 ,  55
8 ,  101
12 ,  386
18 ,  1465
26 ,  6539
10 ,  262
19 ,  3031
13 ,  148
8 ,  117
14 ,  1760
7 ,  72
18 ,  1517
10 ,  236
8 ,  93
14 ,  163
6 ,  115
10 ,  289
20 ,  2431
8 ,  74
24 ,  3116
17 ,  830
5 ,  43
23 ,  1669
16 ,  278
16 ,  498
19 ,  404
7 ,  91
11 ,  161
7 ,  69
16 ,  305
17 ,  1379
12 ,  100
11 ,  35
6 ,  58
26 ,  3572
10 ,  228
11 ,  316
18 ,  401
15 ,  139
14 ,  508
23 ,  928
17 ,  504
8 ,  207
10 ,  338
12 ,  48
19 ,  507
3 ,  35
11 ,  125
12 ,  345
6 ,  55
11 ,  241
8 ,  156
9 ,  121
15 ,  191
19 ,  425
21 ,  246
9 ,  212
14 ,  134
10 ,  173
8 ,  75
11 ,  120
14 ,  851
11 ,  236
10 ,  108
14 ,  240
21 ,  5823
21 ,  976
13 ,  421
12 ,  105
11 ,  353
9 ,  183
15 ,  274
13 ,  175
11 ,  157
13 ,  87
7 ,  72
8 ,  73
11 ,  413
9 ,  224
10 ,  166
18 ,  1055
11 ,  115
11 ,  150
16 ,  906
15 ,  1516
13 ,  207
9 ,  116
11 ,  109
6 ,  69
23 ,  4925
7 ,  125
14 ,  835
11 ,  116
17 ,  863
9 ,  253
14 ,  323
8 ,  147
18 ,  461
19 ,  1289
12 ,  191
25 ,  3169
18 ,  1296
16 ,  644
27 ,  8408
7 ,  131
32 ,  2654
23 ,  352
7 ,  93
14 ,  181
11 ,  327
9 ,  296
10 ,  106
6 ,  59
13 ,  608
14 ,  1155
16 ,  339
14 ,  1288
18 ,  679
21 ,  2093
12 ,  233
23 ,  107
9 ,  206
10 ,  156
10 ,  133
14 ,  2862
9 ,  143
9 ,  127
9 ,  109
10 ,  264
11 ,  230
11 ,  84
4 ,  42
12 ,  444
14 ,  352
5 ,  45
22 ,  5583
11 ,  201
16 ,  965
16 ,  687
8 ,  140
8 ,  127
15 ,  1236
11 ,  407
16 ,  121
5 ,  46
16 ,  1550
30 ,  21868
10 ,  148
20 ,  4228
11 ,  205
12 ,  290
9 ,  125
13 ,  169
26 ,  6032
16 ,  1163
18 ,  2069
11 ,  101
16 ,  744
9 ,  108
26 ,  2390
10 ,  90
10 ,  147
6 ,  54
5 ,  52
11 ,  102
4 ,  34
17 ,  1799
13 ,  325
12 ,  281
19 ,  1880
23 ,  1832
6 ,  57
20 ,  1944
4 ,  43
15 ,  178
17 ,  851
23 ,  2277
9 ,  66
36 ,  77424
19 ,  754
21 ,  525
7 ,  128
14 ,  533
7 ,  95
18 ,  1019
13 ,  237
11 ,  197
4 ,  34
11 ,  257
9 ,  166
11 ,  156
8 ,  108
12 ,  102
26 ,  21726
9 ,  148
17 ,  641
6 ,  63
9 ,  218
13 ,  953
9 ,  81
15 ,  516
11 ,  240
15 ,  669
14 ,  39
24 ,  4519
14 ,  728
9 ,  71
9 ,  187
15 ,  77
5 ,  52
7 ,  65
5 ,  52
15 ,  291
10 ,  224
5 ,  43
11 ,  155
12 ,  209
5 ,  61
9 ,  55
9 ,  114
8 ,  107
18 ,  230
10 ,  87
10 ,  56
10 ,  185
12 ,  160
11 ,  187
12 ,  221
10 ,  209
7 ,  83
13 ,  194
14 ,  883
12 ,  147
8 ,  75
12 ,  119
22 ,  7517
9 ,  170
7 ,  87
10 ,  290
9 ,  50
7 ,  127
15 ,  687
15 ,  546
9 ,  99
7 ,  96
9 ,  137
14 ,  287
10 ,  110
22 ,  5653
15 ,  805
8 ,  216
17 ,  976
8 ,  159
17 ,  1670
13 ,  206
19 ,  4192
10 ,  111
16 ,  279
20 ,  1789
17 ,  1143
3 ,  28
13 ,  672
8 ,  110
13 ,  514
9 ,  190
12 ,  124
14 ,  377
8 ,  156
21 ,  4253
7 ,  79
17 ,  488
23 ,  88
17 ,  1192
31 ,  31899
10 ,  191
11 ,  143
16 ,  3570
14 ,  282
13 ,  252
9 ,  194
7 ,  97
9 ,  116
10 ,  49
8 ,  56
18 ,  1509
13 ,  402
23 ,  4096
10 ,  161
15 ,  326
8 ,  124
22 ,  3819
15 ,  414
11 ,  142
12 ,  380
16 ,  1159
21 ,  1565
11 ,  129
17 ,  424
9 ,  125
14 ,  229
17 ,  1034
12 ,  215
8 ,  112
21 ,  2448
18 ,  1016
10 ,  79
13 ,  488
13 ,  162
14 ,  280
24 ,  5731
9 ,  243
6 ,  77
13 ,  363
9 ,  204
13 ,  204
12 ,  441
11 ,  240
9 ,  140
12 ,  236
13 ,  382
29 ,  6383
18 ,  820
11 ,  140
15 ,  807
14 ,  830
12 ,  226
14 ,  198
15 ,  114
13 ,  607
16 ,  1580
16 ,  386
10 ,  106
17 ,  542
8 ,  48
5 ,  46
6 ,  54
10 ,  202
12 ,  480
13 ,  322
38 ,  18720
13 ,  256
10 ,  258
21 ,  461
11 ,  485
8 ,  168
21 ,  6178
9 ,  73
7 ,  73
11 ,  409
18 ,  1237
9 ,  169
7 ,  69
8 ,  91
8 ,  151
21 ,  1981
25 ,  3195
12 ,  177
16 ,  687
13 ,  325
15 ,  944
15 ,  1061
9 ,  241
14 ,  289
12 ,  105
15 ,  1048
16 ,  476
11 ,  147
10 ,  163
37 ,  178201
11 ,  98
12 ,  63
10 ,  198
10 ,  106
8 ,  68
8 ,  103
6 ,  77
8 ,  124
12 ,  109
11 ,  310
24 ,  1210
8 ,  65
13 ,  635
7 ,  68
22 ,  2961
14 ,  126
11 ,  85
14 ,  255
13 ,  279
20 ,  587
12 ,  608
12 ,  439
17 ,  555
11 ,  230
20 ,  3054
15 ,  150
15 ,  492
24 ,  2909
20 ,  11912
12 ,  149
5 ,  60
27 ,  2025
16 ,  798
15 ,  716
9 ,  236
14 ,  449
11 ,  187
21 ,  1474
12 ,  264
13 ,  400
27 ,  528
5 ,  50
8 ,  108
23 ,  1417
10 ,  109
14 ,  337
6 ,  60
18 ,  1603
12 ,  173
11 ,  281
8 ,  69
14 ,  1018
13 ,  343
11 ,  118
20 ,  472
20 ,  3061
14 ,  372
18 ,  383
7 ,  119
10 ,  222
19 ,  234
18 ,  2524
9 ,  167
14 ,  567
10 ,  159
10 ,  161
10 ,  118
19 ,  496
8 ,  64
11 ,  108
17 ,  1594
9 ,  136
8 ,  53
13 ,  227
10 ,  55
8 ,  57
15 ,  1824
15 ,  743
10 ,  203
11 ,  151
11 ,  140
10 ,  154
8 ,  60
6 ,  50
10 ,  100
20 ,  1126
15 ,  671
19 ,  999
17 ,  1653
12 ,  159
11 ,  144
5 ,  85
14 ,  384
28 ,  64190
11 ,  290
20 ,  265
11 ,  245
13 ,  321
14 ,  300
10 ,  88
9 ,  291
20 ,  270
19 ,  436
6 ,  43
24 ,  2595
3 ,  36
10 ,  118
8 ,  48
19 ,  170
13 ,  407
17 ,  980
18 ,  510
16 ,  273
14 ,  278
6 ,  86
9 ,  349
19 ,  11250
8 ,  121
11 ,  125
23 ,  16776
8 ,  52
20 ,  1036
14 ,  1065
9 ,  123
4 ,  47
10 ,  120
10 ,  97
12 ,  383
16 ,  742
12 ,  39
10 ,  227
10 ,  125
11 ,  155
20 ,  355
11 ,  169
8 ,  76
18 ,  359
11 ,  182
12 ,  128
10 ,  190
8 ,  68
11 ,  103
17 ,  806
11 ,  133
12 ,  358
8 ,  121
6 ,  55
21 ,  8339
11 ,  292
10 ,  167
22 ,  3278
11 ,  616
22 ,  1657
4 ,  43
11 ,  246
13 ,  134
14 ,  520
7 ,  65
13 ,  352
19 ,  366
10 ,  200
12 ,  555
27 ,  4457
20 ,  1217
11 ,  113
17 ,  478
9 ,  146
28 ,  35173
18 ,  663
5 ,  50
9 ,  180
15 ,  326
24 ,  2200
6 ,  65
10 ,  208
8 ,  91
12 ,  121
12 ,  180
18 ,  446
11 ,  76
9 ,  97
31 ,  17297
7 ,  124
11 ,  363
18 ,  1225
12 ,  167
6 ,  63
18 ,  283
22 ,  1918
12 ,  353
14 ,  408
11 ,  115
14 ,  360
9 ,  74
8 ,  112
14 ,  191
7 ,  56
14 ,  292
9 ,  75
20 ,  291
16 ,  518
19 ,  521
15 ,  1008
12 ,  221
13 ,  112
18 ,  1878
12 ,  255
8 ,  95
15 ,  1105
12 ,  104
12 ,  326
13 ,  787
11 ,  337
14 ,  879
10 ,  53
17 ,  1265
18 ,  631
10 ,  53
18 ,  1074
14 ,  582
20 ,  191
24 ,  3433
8 ,  115
10 ,  134
12 ,  198
17 ,  257
10 ,  106
3 ,  27
19 ,  1145
14 ,  1900
11 ,  111
15 ,  285
11 ,  330
15 ,  80
16 ,  1395
6 ,  79
8 ,  69
13 ,  98
11 ,  109
19 ,  957
15 ,  531
14 ,  251
10 ,  88
10 ,  166
14 ,  442
11 ,  300
12 ,  352
6 ,  60
15 ,  605
14 ,  819
12 ,  279
10 ,  50
18 ,  215
19 ,  948
11 ,  227
13 ,  449
28 ,  55980
11 ,  94
20 ,  3958
8 ,  127
10 ,  268
12 ,  199
14 ,  1068
14 ,  638
10 ,  304
12 ,  223
11 ,  157
11 ,  276
20 ,  1080
12 ,  375
20 ,  1577
11 ,  165
26 ,  6511
6 ,  72
14 ,  556
11 ,  248
30 ,  11427
12 ,  436
15 ,  256
12 ,  343
6 ,  66
10 ,  126
16 ,  383
13 ,  352
9 ,  98
10 ,  183
17 ,  1416
17 ,  560
8 ,  153
11 ,  101
16 ,  297
10 ,  169
9 ,  125
8 ,  96
19 ,  1169
7 ,  88
13 ,  312
14 ,  130
6 ,  58
14 ,  381
13 ,  310
9 ,  100
9 ,  72
15 ,  207
8 ,  189
13 ,  270
16 ,  662
7 ,  112
32 ,  86876
23 ,  4583
16 ,  445
12 ,  397
12 ,  130
13 ,  204
18 ,  285
15 ,  246
13 ,  1248
11 ,  281
15 ,  192
15 ,  312
30 ,  9352
17 ,  692
19 ,  807
8 ,  136
8 ,  36
17 ,  859
16 ,  208
11 ,  263
9 ,  76
10 ,  101
11 ,  260
19 ,  1199
8 ,  84
21 ,  4412
7 ,  81
28 ,  5644
23 ,  2560
13 ,  122
9 ,  188
12 ,  175
21 ,  5005
19 ,  2992
25 ,  20382
17 ,  912
16 ,  276
11 ,  165
13 ,  319
9 ,  127
17 ,  729
10 ,  146
17 ,  2345
18 ,  628
12 ,  115
6 ,  70
19 ,  1410
7 ,  65
12 ,  377
12 ,  848
10 ,  224
23 ,  3985
9 ,  179
14 ,  1052
12 ,  158
15 ,  67
14 ,  852
7 ,  74
10 ,  158
10 ,  62
11 ,  327
13 ,  1387
23 ,  2068
10 ,  72
7 ,  65
7 ,  85
10 ,  130
14 ,  275
14 ,  101
8 ,  131
10 ,  209
15 ,  318
9 ,  130
12 ,  124
11 ,  238
14 ,  292
15 ,  581
13 ,  192
20 ,  1071
11 ,  318
25 ,  14762
11 ,  310
14 ,  286
16 ,  1811
15 ,  359
20 ,  675
27 ,  17902
6 ,  83
14 ,  634
27 ,  19512
10 ,  238
6 ,  75
13 ,  363
25 ,  2027
16 ,  188
12 ,  196
14 ,  514
23 ,  2078
9 ,  232
28 ,  3379
25 ,  4619
16 ,  1300
10 ,  141
11 ,  435
14 ,  172
8 ,  82
8 ,  83
12 ,  101
15 ,  359
10 ,  286
5 ,  40
8 ,  79
15 ,  574
16 ,  377
8 ,  119
16 ,  766
15 ,  236
18 ,  343
19 ,  504
14 ,  295
18 ,  665
27 ,  2088
8 ,  147
16 ,  390
16 ,  400
10 ,  166
19 ,  3275
22 ,  3859
16 ,  350
14 ,  443
28 ,  21460
28 ,  6922
12 ,  254
16 ,  955
9 ,  118
7 ,  69
12 ,  307
11 ,  213
10 ,  149
18 ,  2723
15 ,  229
20 ,  3171
11 ,  83
22 ,  1662
23 ,  5306
18 ,  291
8 ,  104
13 ,  254
7 ,  72
22 ,  6556
15 ,  2270
13 ,  529
13 ,  943
7 ,  73
13 ,  226
22 ,  1261
10 ,  177
8 ,  81
6 ,  89
20 ,  1036
13 ,  346
26 ,  2653
9 ,  135
11 ,  142
15 ,  124
10 ,  193
14 ,  125
11 ,  183
10 ,  227
14 ,  1162
6 ,  38
6 ,  123
10 ,  186
12 ,  221
7 ,  67
10 ,  195
14 ,  572
8 ,  93
13 ,  515
12 ,  186
11 ,  199
14 ,  1017
11 ,  183
13 ,  111
18 ,  745
15 ,  263
19 ,  412
14 ,  570
12 ,  225
10 ,  154
14 ,  446
19 ,  976
7 ,  60
16 ,  591
17 ,  2455
11 ,  201
16 ,  579
8 ,  75
13 ,  436
13 ,  174
18 ,  818
13 ,  694
9 ,  76
16 ,  256
7 ,  72
14 ,  242
13 ,  124
13 ,  266
5 ,  73
5 ,  64
17 ,  810
18 ,  697
17 ,  503
12 ,  153
8 ,  178
4 ,  46
17 ,  579
6 ,  56
7 ,  54
16 ,  121
11 ,  116
7 ,  81
16 ,  991
25 ,  2406
14 ,  168
14 ,  576
27 ,  21883
7 ,  119
13 ,  227
25 ,  16587
12 ,  112
15 ,  729
10 ,  63
9 ,  125
9 ,  96
13 ,  420
12 ,  199
17 ,  505
11 ,  97
13 ,  201
6 ,  52
13 ,  465
11 ,  195
11 ,  196
8 ,  107
7 ,  77
10 ,  89
20 ,  873
8 ,  115
21 ,  3133
7 ,  156
14 ,  186
10 ,  101
11 ,  335
10 ,  129
12 ,  260
18 ,  536
9 ,  74
10 ,  157
16 ,  622
15 ,  211
18 ,  142
14 ,  144
6 ,  57
11 ,  296
13 ,  112
22 ,  1938
10 ,  242
18 ,  791
9 ,  77
13 ,  391
4 ,  41
8 ,  36
19 ,  466
18 ,  1503
8 ,  115
6 ,  60
8 ,  60
12 ,  271
14 ,  294
13 ,  189
15 ,  169
11 ,  185
9 ,  115
8 ,  156
22 ,  1894
6 ,  58
20 ,  899
11 ,  224
9 ,  166
6 ,  80
20 ,  723
17 ,  1085
13 ,  224
13 ,  236
13 ,  511
12 ,  202
10 ,  325
13 ,  557
16 ,  605
9 ,  88
18 ,  664
12 ,  441
14 ,  76
23 ,  2224
10 ,  152
11 ,  203
12 ,  346
19 ,  3759
12 ,  290
14 ,  172
10 ,  490
4 ,  43
15 ,  380
10 ,  74
12 ,  487
9 ,  138
18 ,  2397
23 ,  2664
16 ,  1590
12 ,  92
31 ,  26357
12 ,  148
10 ,  139
12 ,  142
14 ,  331
11 ,  71
14 ,  419
4 ,  48
20 ,  1603
12 ,  225
14 ,  863
22 ,  9787
13 ,  351
13 ,  625
15 ,  520
18 ,  1704
7 ,  70
18 ,  308
13 ,  229
8 ,  222
9 ,  162
16 ,  2346
9 ,  145
22 ,  639
12 ,  168
13 ,  218
5 ,  39
7 ,  117
8 ,  58
8 ,  93
17 ,  434
16 ,  286
9 ,  130
15 ,  1287
18 ,  518
17 ,  899
16 ,  416
11 ,  151
9 ,  137
19 ,  1673
10 ,  69
10 ,  102
29 ,  14000
12 ,  229
9 ,  102
18 ,  1142
16 ,  1268
12 ,  635
24 ,  13844
6 ,  59
15 ,  377
3 ,  35
17 ,  1561
9 ,  135
20 ,  1146
5 ,  64
6 ,  69
18 ,  1214
4 ,  35
15 ,  563
23 ,  6238
9 ,  162
26 ,  20448
8 ,  73
10 ,  65
20 ,  450
7 ,  151
37 ,  372385
17 ,  2632
10 ,  100
19 ,  1173
13 ,  249
12 ,  248
7 ,  66
17 ,  1039
17 ,  1396
16 ,  2706
6 ,  71
14 ,  186
24 ,  1283
13 ,  559
17 ,  168
14 ,  531
29 ,  4898
12 ,  207
5 ,  38
16 ,  747
10 ,  346
10 ,  52
5 ,  77
10 ,  166
14 ,  450
6 ,  79
18 ,  268
17 ,  652
15 ,  370
9 ,  130
14 ,  361
14 ,  443
15 ,  423
9 ,  139
18 ,  2649
19 ,  4427
12 ,  104
8 ,  227
5 ,  56
7 ,  68
13 ,  166
15 ,  1117
18 ,  1293
10 ,  249
19 ,  318
8 ,  63
12 ,  185
11 ,  151
20 ,  1191
22 ,  2519
10 ,  196
10 ,  212
6 ,  74
18 ,  361
19 ,  853
10 ,  302
10 ,  133
6 ,  68
13 ,  819
8 ,  80
20 ,  3651
17 ,  567
8 ,  117
12 ,  201
15 ,  424
12 ,  174
15 ,  574
11 ,  458
11 ,  123
14 ,  97
9 ,  197
6 ,  62
8 ,  70
15 ,  538
16 ,  404
13 ,  421
10 ,  125
10 ,  96
26 ,  858
18 ,  1841
14 ,  1174
7 ,  74
13 ,  304
16 ,  633
9 ,  76
11 ,  317
16 ,  950
10 ,  176
13 ,  223
8 ,  157
14 ,  289
20 ,  561
12 ,  139
11 ,  173
14 ,  162
9 ,  114
8 ,  68
6 ,  61
10 ,  145
13 ,  264
18 ,  789
15 ,  543
12 ,  279
26 ,  7561
14 ,  216
11 ,  239
8 ,  117
5 ,  46
17 ,  1414
7 ,  118
23 ,  3617
14 ,  287
9 ,  104
17 ,  201
5 ,  123
10 ,  240
8 ,  66
13 ,  936
8 ,  101
14 ,  349
12 ,  277
12 ,  183
9 ,  208
10 ,  323
7 ,  63
12 ,  243
18 ,  1725
14 ,  601
13 ,  454
13 ,  326
9 ,  191
12 ,  169
8 ,  111
15 ,  275
16 ,  402
11 ,  235
16 ,  497
7 ,  81
14 ,  365
14 ,  427
12 ,  82
9 ,  178
11 ,  340
14 ,  190
15 ,  467
13 ,  205
15 ,  1466
14 ,  780
15 ,  1036
12 ,  97
14 ,  175
8 ,  50
8 ,  115
4 ,  45
20 ,  4315
16 ,  571
27 ,  7136
7 ,  100
8 ,  102
10 ,  84
9 ,  140
16 ,  1241
18 ,  1519
9 ,  60
13 ,  161
14 ,  1082
10 ,  124
10 ,  304
11 ,  327
11 ,  174
12 ,  499
17 ,  903
11 ,  208
9 ,  130
20 ,  2240
10 ,  201
10 ,  94
11 ,  151
33 ,  228130
13 ,  631
17 ,  1570
14 ,  200
9 ,  85
22 ,  4831
19 ,  889
19 ,  219
13 ,  357
8 ,  65
18 ,  946
13 ,  543
5 ,  42
14 ,  534
13 ,  85
6 ,  68
8 ,  173
19 ,  2775
21 ,  2743
31 ,  12989
17 ,  913
12 ,  379
14 ,  285
23 ,  2610
38 ,  110002
5 ,  62
8 ,  67
13 ,  189
15 ,  559
19 ,  1025
11 ,  849
9 ,  99
15 ,  502
2 ,  27
18 ,  657
10 ,  268
18 ,  2965
11 ,  146
18 ,  1380
15 ,  812
30 ,  28339
8 ,  122
17 ,  482
8 ,  78
11 ,  501
17 ,  384
18 ,  755
10 ,  89
11 ,  141
16 ,  36
11 ,  140
15 ,  740
26 ,  2749
11 ,  351
12 ,  216
9 ,  201
11 ,  290
21 ,  1078
17 ,  467
7 ,  159
9 ,  138
28 ,  8473
9 ,  189
31 ,  12453
14 ,  423
21 ,  733
9 ,  204
8 ,  70
12 ,  81
10 ,  61
16 ,  1335
11 ,  181
10 ,  152
19 ,  1065
10 ,  239
12 ,  230
13 ,  175
14 ,  304
19 ,  1175
5 ,  62
17 ,  508
7 ,  99
28 ,  1633
8 ,  96
10 ,  78
8 ,  66
13 ,  218
13 ,  483
19 ,  3565
14 ,  738
10 ,  91
7 ,  110
11 ,  142
17 ,  721
16 ,  272
12 ,  124
8 ,  120
8 ,  105
15 ,  572
9 ,  227
9 ,  98
14 ,  384
13 ,  429
16 ,  132
13 ,  231
10 ,  102
16 ,  394
14 ,  517
13 ,  325
17 ,  639
16 ,  1604
13 ,  485
30 ,  5617
5 ,  66
17 ,  699
2 ,  29
12 ,  290
23 ,  7757
36 ,  664044
12 ,  200
10 ,  180
16 ,  950
14 ,  128
9 ,  106
12 ,  303
10 ,  87
8 ,  72
8 ,  115
12 ,  125
6 ,  69
12 ,  414
7 ,  34
21 ,  3124
18 ,  2994
9 ,  100
11 ,  322
12 ,  405
14 ,  588
19 ,  1468
11 ,  199
5 ,  67
17 ,  192
16 ,  147
7 ,  91
11 ,  245
23 ,  1295
13 ,  364
16 ,  373
15 ,  247
6 ,  49
12 ,  513
17 ,  1220
11 ,  183
20 ,  1436
10 ,  108
15 ,  567
12 ,  168
14 ,  119
13 ,  438
18 ,  600
7 ,  87
11 ,  220
24 ,  1209
18 ,  721
10 ,  132
14 ,  113
8 ,  159
17 ,  636
11 ,  376
15 ,  403
15 ,  173
20 ,  10824
23 ,  2789
9 ,  107
13 ,  363
39 ,  3349
11 ,  79
19 ,  1303
13 ,  109
10 ,  102
11 ,  193
15 ,  395
13 ,  625
20 ,  775
17 ,  449
11 ,  141
9 ,  96
17 ,  583
15 ,  356
34 ,  32695
13 ,  275
13 ,  192
10 ,  140
9 ,  131
13 ,  168
14 ,  611
16 ,  600
18 ,  1833
15 ,  671
7 ,  121
8 ,  72
26 ,  1249
12 ,  149
13 ,  739
14 ,  717
12 ,  223
15 ,  353
11 ,  113
15 ,  237
17 ,  266
12 ,  233
11 ,  340
10 ,  113
16 ,  380
11 ,  227
10 ,  229
15 ,  588
28 ,  2617
18 ,  1273
8 ,  91
23 ,  9478
10 ,  181
8 ,  104
6 ,  49
11 ,  461
13 ,  223
15 ,  1494
21 ,  871
20 ,  3639
14 ,  248
17 ,  646
21 ,  3959
9 ,  207
14 ,  757
21 ,  776
10 ,  205
23 ,  940
16 ,  320
8 ,  128
20 ,  1521
10 ,  125
16 ,  959
12 ,  276
10 ,  35
13 ,  221
9 ,  195
15 ,  288
15 ,  672
19 ,  630
20 ,  2831
13 ,  315
8 ,  124
10 ,  99
15 ,  505
26 ,  21637
9 ,  103
17 ,  553
11 ,  224
13 ,  517
17 ,  269
17 ,  1381
15 ,  167
11 ,  169
22 ,  14046
14 ,  333
10 ,  412
17 ,  612
9 ,  91
22 ,  1212
20 ,  644
11 ,  388
17 ,  384
16 ,  667
8 ,  100
14 ,  248
16 ,  2070
11 ,  195
17 ,  816
12 ,  178
18 ,  2147
14 ,  252
5 ,  59
10 ,  217
20 ,  1176
15 ,  194
17 ,  626
10 ,  136
21 ,  559
9 ,  97
12 ,  282
28 ,  5707
15 ,  1043
11 ,  152
9 ,  75
6 ,  57
10 ,  55
33 ,  74910
18 ,  694
10 ,  118
10 ,  115
14 ,  168
8 ,  85
12 ,  200
12 ,  231
20 ,  3740
15 ,  818
20 ,  1096
14 ,  193
24 ,  984
13 ,  327
21 ,  1293
8 ,  82
19 ,  362
13 ,  229
17 ,  222
10 ,  108
20 ,  1151
8 ,  98
10 ,  97
14 ,  1601
6 ,  82
10 ,  183
11 ,  240
16 ,  983
12 ,  138
16 ,  667
7 ,  66
14 ,  228
7 ,  90
9 ,  81
7 ,  79
8 ,  134
21 ,  697
13 ,  195
4 ,  48
11 ,  193
22 ,  3787
20 ,  232
16 ,  202
6 ,  66
23 ,  6560
15 ,  195
10 ,  70
12 ,  232
18 ,  687
8 ,  96
12 ,  277
15 ,  715
20 ,  523
10 ,  124
22 ,  9837
21 ,  478
9 ,  100
7 ,  85
9 ,  308
17 ,  1283
18 ,  511
12 ,  344
11 ,  137
10 ,  274
6 ,  84
13 ,  733
13 ,  227
11 ,  263
17 ,  910
11 ,  425
6 ,  70
11 ,  217
9 ,  102
12 ,  143
13 ,  329
17 ,  469
9 ,  101
9 ,  238
10 ,  94
19 ,  503
14 ,  167
11 ,  197
7 ,  63
10 ,  187
12 ,  560
8 ,  108
24 ,  1599
6 ,  83
5 ,  38
8 ,  243
16 ,  798
15 ,  82
11 ,  136
10 ,  272
16 ,  1310
7 ,  71
23 ,  1040
16 ,  906
16 ,  1160
8 ,  140
5 ,  37
9 ,  35
17 ,  675
16 ,  225
13 ,  257
20 ,  326
10 ,  200
10 ,  106
8 ,  49
22 ,  374
19 ,  550
5 ,  49
11 ,  221
11 ,  280
11 ,  275
16 ,  152
15 ,  653
19 ,  409
21 ,  4843
15 ,  341
18 ,  1892
11 ,  172
10 ,  80
10 ,  176
24 ,  31609
14 ,  492
14 ,  364
29 ,  8335
10 ,  95
23 ,  637
13 ,  80
11 ,  331
10 ,  113
16 ,  1611
12 ,  129
14 ,  362
18 ,  205
7 ,  103
11 ,  111
16 ,  718
13 ,  1253
10 ,  166
20 ,  1061
10 ,  236
12 ,  233
14 ,  547
18 ,  555
20 ,  2372
12 ,  367
14 ,  434
16 ,  382
12 ,  212
15 ,  352
8 ,  100
15 ,  246
19 ,  632
16 ,  233
12 ,  92
8 ,  126
12 ,  247
18 ,  2171
13 ,  190
9 ,  100
12 ,  371
9 ,  83
16 ,  813
7 ,  78
18 ,  1188
7 ,  131
22 ,  1297
10 ,  185
5 ,  74
12 ,  111
17 ,  294
11 ,  53
15 ,  258
9 ,  82
12 ,  395
12 ,  118
7 ,  57
14 ,  348
25 ,  4077
15 ,  794
10 ,  77
7 ,  113
17 ,  1005
15 ,  366
8 ,  35
12 ,  99
13 ,  179
11 ,  313
17 ,  630
12 ,  386
14 ,  432
16 ,  1744
17 ,  530
8 ,  78
14 ,  216
7 ,  69
14 ,  839
23 ,  3004
20 ,  731
15 ,  393
12 ,  689
8 ,  71
7 ,  72
7 ,  127
27 ,  9030
11 ,  251
17 ,  1060
10 ,  278
9 ,  90
9 ,  141
18 ,  670
8 ,  94
15 ,  562
12 ,  329
16 ,  928
6 ,  80
18 ,  180
15 ,  807
18 ,  411
7 ,  89
16 ,  340
22 ,  5288
13 ,  75
13 ,  194
29 ,  17321
21 ,  3277
8 ,  113
13 ,  165
20 ,  2705
16 ,  319
10 ,  185
13 ,  106
19 ,  803
11 ,  235
5 ,  58
25 ,  1549
11 ,  141
18 ,  177
25 ,  589
20 ,  555
22 ,  675
9 ,  75
23 ,  3430
17 ,  2374
10 ,  83
19 ,  1736
8 ,  89
22 ,  579
12 ,  471
8 ,  110
8 ,  98
14 ,  267
6 ,  54
23 ,  2351
10 ,  194
23 ,  9933
9 ,  270
9 ,  284
7 ,  111
9 ,  69
14 ,  111
13 ,  955
11 ,  233
9 ,  80
11 ,  790
14 ,  177
18 ,  1935
7 ,  94
11 ,  84
18 ,  1421
8 ,  105
13 ,  195
13 ,  453
9 ,  81
17 ,  1033
8 ,  122
8 ,  76
16 ,  434
15 ,  121
23 ,  1116
9 ,  230
13 ,  257
15 ,  614
14 ,  279
8 ,  85
21 ,  638
23 ,  3109
10 ,  258
17 ,  2122
9 ,  81
10 ,  229
13 ,  169
17 ,  604
12 ,  349
24 ,  3868
20 ,  2713
15 ,  246
7 ,  68
10 ,  120
12 ,  660
16 ,  385
12 ,  117
11 ,  213
4 ,  32
26 ,  4412
20 ,  995
13 ,  417
17 ,  763
16 ,  1810
13 ,  138
22 ,  2029
10 ,  96
6 ,  54
17 ,  2071
30 ,  63702
16 ,  459
10 ,  119
17 ,  659
3 ,  36
9 ,  82
12 ,  142
6 ,  86
11 ,  341
11 ,  143
8 ,  88
32 ,  84000
10 ,  314
12 ,  142
14 ,  556
10 ,  118
11 ,  381
8 ,  84
14 ,  281
7 ,  62
10 ,  113
8 ,  101
14 ,  406
25 ,  1459
15 ,  732
9 ,  81
11 ,  187
17 ,  485
16 ,  355
15 ,  445
11 ,  115
13 ,  100
22 ,  15532
11 ,  121
14 ,  250
45 ,  56711
13 ,  332
4 ,  41
16 ,  148
17 ,  563
12 ,  218
13 ,  199
9 ,  115
13 ,  444
19 ,  663
20 ,  393
13 ,  332
24 ,  2020
13 ,  164
10 ,  203
13 ,  346
11 ,  204
7 ,  69
16 ,  359
9 ,  173
13 ,  70
9 ,  307
11 ,  192
7 ,  69
8 ,  35
8 ,  59
6 ,  66
18 ,  2873
9 ,  116
8 ,  98
9 ,  35
8 ,  117
15 ,  264
13 ,  325
12 ,  727
9 ,  112
21 ,  1423
12 ,  351
28 ,  31859
7 ,  88
14 ,  198
24 ,  2449
14 ,  309
21 ,  394
15 ,  429
12 ,  218
10 ,  240
9 ,  101
10 ,  137
13 ,  110
10 ,  121
9 ,  119
26 ,  12767
14 ,  287
13 ,  590
7 ,  82
8 ,  61
15 ,  145
10 ,  179
10 ,  139
26 ,  2903
17 ,  652
15 ,  1233
10 ,  233
11 ,  174
17 ,  567
11 ,  69
23 ,  4736
22 ,  1068
20 ,  1168
7 ,  104
5 ,  44
11 ,  261
11 ,  174
9 ,  284
13 ,  81
6 ,  94
9 ,  105
19 ,  1759
15 ,  116
13 ,  113
10 ,  261
8 ,  142
8 ,  178
24 ,  7469
14 ,  495
11 ,  191
8 ,  171
16 ,  1215
17 ,  986
9 ,  114
9 ,  88
11 ,  305
20 ,  238
28 ,  9006
14 ,  673
14 ,  501
8 ,  93
12 ,  79
22 ,  5995
10 ,  191
8 ,  36
15 ,  802
25 ,  2406
31 ,  32005
11 ,  171
12 ,  132
8 ,  116
11 ,  143
26 ,  1170
21 ,  1466
15 ,  339
7 ,  91
14 ,  196
9 ,  142
7 ,  88
7 ,  41
25 ,  5550
7 ,  71
20 ,  931
9 ,  102
9 ,  87
12 ,  98
12 ,  169
9 ,  149
8 ,  168
13 ,  370
4 ,  41
17 ,  402
17 ,  1590
12 ,  318
16 ,  687
20 ,  736
18 ,  794
14 ,  45
11 ,  95
8 ,  126
15 ,  662
7 ,  64
22 ,  2267
9 ,  90
12 ,  86
11 ,  202
8 ,  56
22 ,  1909
10 ,  146
9 ,  37
16 ,  358
22 ,  620
10 ,  314
10 ,  137
13 ,  248
17 ,  799
26 ,  5993
15 ,  1039
11 ,  265
19 ,  560
9 ,  123
10 ,  179
19 ,  535
3 ,  35
21 ,  1565
7 ,  103
9 ,  182
11 ,  177
13 ,  612
5 ,  51
29 ,  7348
14 ,  205
10 ,  73
27 ,  1428
10 ,  196
23 ,  1929
22 ,  537
8 ,  87
12 ,  338
16 ,  551
16 ,  648
20 ,  644
8 ,  83
22 ,  2698
21 ,  397
8 ,  111
16 ,  775
24 ,  658
22 ,  6569
18 ,  1110
25 ,  2940
9 ,  135
12 ,  202
12 ,  750
10 ,  327
11 ,  82
15 ,  404
12 ,  194
9 ,  175
7 ,  84
10 ,  180
9 ,  115
13 ,  197
10 ,  109
6 ,  53
17 ,  291
16 ,  475
7 ,  103
17 ,  426
13 ,  567
19 ,  585
14 ,  398
13 ,  602
13 ,  243
15 ,  594
6 ,  82
10 ,  121
12 ,  180
10 ,  147
9 ,  146
15 ,  681
7 ,  76
11 ,  238
13 ,  292
17 ,  378
16 ,  447
17 ,  220
8 ,  87
10 ,  187
19 ,  2020
8 ,  36
15 ,  834
6 ,  43
11 ,  218
14 ,  411
12 ,  40
19 ,  274
9 ,  236
4 ,  48
10 ,  128
24 ,  8785
28 ,  15616
6 ,  106
16 ,  179
23 ,  2108
14 ,  535
35 ,  5320
15 ,  89
16 ,  2020
11 ,  342
6 ,  74
51 ,  97330
8 ,  164
11 ,  239
21 ,  3605
11 ,  83
17 ,  579
12 ,  512
16 ,  450
24 ,  2042
10 ,  166
14 ,  203
7 ,  38
10 ,  138
4 ,  44
9 ,  170
13 ,  1073
15 ,  289
11 ,  583
10 ,  236
17 ,  888
13 ,  264
10 ,  98
35 ,  75718
9 ,  156
32 ,  62680
12 ,  283
22 ,  1490
10 ,  133
9 ,  171
22 ,  3009
14 ,  1988
15 ,  1539
16 ,  692
9 ,  89
4 ,  35
11 ,  164
11 ,  173
21 ,  2630
12 ,  294
9 ,  198
9 ,  180
13 ,  224
11 ,  220
12 ,  367
13 ,  735
17 ,  440
14 ,  322
12 ,  381
18 ,  398
15 ,  796
12 ,  139
14 ,  228
9 ,  87
10 ,  76
14 ,  292
15 ,  134
15 ,  168
13 ,  390
11 ,  257
7 ,  88
17 ,  1092
11 ,  241
22 ,  4033
11 ,  101
11 ,  142
31 ,  32039
15 ,  362
26 ,  2033
5 ,  56
12 ,  151
16 ,  274
13 ,  150
30 ,  95761
11 ,  172
10 ,  52
18 ,  1721
10 ,  53
26 ,  115
11 ,  133
16 ,  261
8 ,  71
11 ,  416
25 ,  22844
9 ,  161
11 ,  240
15 ,  220
26 ,  16583
12 ,  170
6 ,  72
12 ,  152
12 ,  204
25 ,  10335
15 ,  1051
6 ,  72
15 ,  92
11 ,  91
17 ,  1662
14 ,  504
10 ,  105
17 ,  1144
13 ,  137
9 ,  57
9 ,  72
14 ,  265
15 ,  154
21 ,  370
11 ,  184
24 ,  9043
15 ,  667
18 ,  1366
24 ,  14349
8 ,  163
13 ,  519
8 ,  43
19 ,  1216
7 ,  73
15 ,  549
13 ,  353
6 ,  74
11 ,  265
11 ,  105
14 ,  307
7 ,  100
10 ,  146
11 ,  213
7 ,  98
9 ,  277
12 ,  294
22 ,  1872
11 ,  419
14 ,  1474
12 ,  169
15 ,  223
8 ,  139
23 ,  3065
7 ,  65
7 ,  82
20 ,  554
9 ,  232
8 ,  55
7 ,  79
18 ,  3002
15 ,  389
18 ,  884
22 ,  3344
9 ,  89
4 ,  35
11 ,  312
11 ,  163
13 ,  114
13 ,  255
8 ,  61
12 ,  152
17 ,  707
6 ,  69
20 ,  212
16 ,  328
17 ,  651
18 ,  2313
15 ,  597
10 ,  146
14 ,  126
28 ,  7843
17 ,  1147
9 ,  216
16 ,  372
18 ,  918
19 ,  835
9 ,  156
10 ,  200
19 ,  329
8 ,  94
12 ,  232
12 ,  443
13 ,  704
11 ,  184
13 ,  307
14 ,  93
13 ,  985
10 ,  135
14 ,  304
4 ,  54
13 ,  372
11 ,  166
13 ,  415
11 ,  259
13 ,  454
8 ,  132
12 ,  189
11 ,  368
10 ,  173
7 ,  100
27 ,  4737
17 ,  1243
9 ,  209
12 ,  114
34 ,  33550
10 ,  74
4 ,  49
11 ,  268
25 ,  12217
19 ,  1294
7 ,  64
12 ,  133
8 ,  122
30 ,  8959
20 ,  1496
23 ,  2833
13 ,  155
10 ,  85
11 ,  303
19 ,  1652
15 ,  271
8 ,  87
9 ,  83
17 ,  486
11 ,  741
20 ,  635
8 ,  149
8 ,  159
13 ,  312
10 ,  132
8 ,  86
17 ,  511
7 ,  87
20 ,  1184
7 ,  89
2 ,  25
9 ,  161
16 ,  430
19 ,  10046
10 ,  170
12 ,  112
8 ,  84
4 ,  30
20 ,  1449
6 ,  74
9 ,  198
11 ,  89
6 ,  56
10 ,  66
10 ,  143
13 ,  878
7 ,  92
10 ,  88
12 ,  162
11 ,  188
13 ,  605
30 ,  11826
38 ,  46531
20 ,  2001
17 ,  1453
11 ,  259
13 ,  236
18 ,  985
17 ,  595
20 ,  3950
13 ,  208
8 ,  169
21 ,  9613
12 ,  667
11 ,  187
8 ,  57
11 ,  334
14 ,  543
9 ,  150
9 ,  107
17 ,  175
5 ,  41
10 ,  93
14 ,  390
12 ,  348
13 ,  223
11 ,  414
14 ,  303
11 ,  248
12 ,  155
24 ,  4212
14 ,  385
16 ,  659
9 ,  164
17 ,  327
17 ,  1717
9 ,  94
17 ,  785
7 ,  84
11 ,  322
12 ,  242
9 ,  197
14 ,  142
8 ,  102
14 ,  483
9 ,  122
14 ,  322
21 ,  1107
8 ,  69
9 ,  98
18 ,  402
12 ,  98
11 ,  239
24 ,  90
16 ,  158
7 ,  131
12 ,  365
12 ,  291
18 ,  2139
12 ,  180
14 ,  106
12 ,  455
17 ,  433
22 ,  517
17 ,  934
13 ,  293
13 ,  323
19 ,  795
22 ,  7721
7 ,  121
18 ,  697
18 ,  992
19 ,  1675
8 ,  169
10 ,  189
26 ,  13375
11 ,  149
5 ,  55
13 ,  189
13 ,  189
8 ,  176
13 ,  136
15 ,  175
17 ,  890
11 ,  561
29 ,  30562
12 ,  152
8 ,  126
12 ,  178
11 ,  141
13 ,  263
8 ,  69
13 ,  179
15 ,  560
17 ,  1321
15 ,  1077
17 ,  160
10 ,  114
6 ,  104
11 ,  146
20 ,  604
6 ,  58
18 ,  459
11 ,  111
7 ,  59
12 ,  85
14 ,  189
15 ,  1093
17 ,  2869
10 ,  119
7 ,  75
13 ,  87
23 ,  4565
10 ,  127
14 ,  765
12 ,  125
21 ,  2451
9 ,  63
10 ,  57
7 ,  136
13 ,  188
8 ,  83
17 ,  518
5 ,  35
18 ,  877
26 ,  3291
7 ,  94
8 ,  127
16 ,  849
16 ,  463
22 ,  5634
19 ,  1395
6 ,  65
13 ,  478
5 ,  98
8 ,  104
21 ,  3819
10 ,  255
10 ,  271
12 ,  581
19 ,  967
15 ,  337
7 ,  95
9 ,  177
10 ,  113
11 ,  159
9 ,  100
14 ,  189
12 ,  171
25 ,  13610
10 ,  147
11 ,  109
14 ,  252
8 ,  109
11 ,  101
26 ,  1591
11 ,  307
20 ,  415
12 ,  490
9 ,  99
14 ,  757
13 ,  613
7 ,  80
15 ,  1708
14 ,  390
8 ,  167
13 ,  699
11 ,  237
10 ,  291
9 ,  121
17 ,  257
17 ,  314
24 ,  22704
15 ,  942
7 ,  84
9 ,  161
22 ,  9410
10 ,  222
10 ,  106
16 ,  209
14 ,  193
19 ,  2612
14 ,  591
14 ,  248
7 ,  49
9 ,  90
23 ,  1419
9 ,  81
15 ,  155
10 ,  159
12 ,  537
21 ,  408
11 ,  403
12 ,  444
14 ,  475
12 ,  206
7 ,  111
10 ,  227
13 ,  268
16 ,  487
13 ,  60
7 ,  78
17 ,  1106
6 ,  59
9 ,  159
12 ,  270
10 ,  185
15 ,  461
9 ,  95
27 ,  8040
15 ,  289
12 ,  394
10 ,  118
34 ,  47880
17 ,  1186
6 ,  71
9 ,  226
9 ,  120
14 ,  152
6 ,  55
9 ,  137
11 ,  88
9 ,  96
17 ,  722
11 ,  82
13 ,  200
21 ,  2784
25 ,  5467
11 ,  282
23 ,  1732
14 ,  189
12 ,  266
10 ,  139
10 ,  92
13 ,  285
12 ,  191
7 ,  121
12 ,  254
15 ,  932
5 ,  43
16 ,  316
25 ,  1467
22 ,  666
8 ,  85
14 ,  93
10 ,  105
14 ,  548
14 ,  317
9 ,  80
12 ,  402
16 ,  385
16 ,  172
10 ,  221
23 ,  1235
10 ,  119
22 ,  3594
26 ,  3577
5 ,  75
7 ,  78
10 ,  50
6 ,  62
15 ,  392
8 ,  137
18 ,  560
13 ,  230
15 ,  786
5 ,  74
14 ,  422
12 ,  416
16 ,  1190
7 ,  83
15 ,  168
16 ,  91
9 ,  63
22 ,  2856
11 ,  173
9 ,  178
15 ,  1065
17 ,  1248
6 ,  75
8 ,  88
10 ,  96
16 ,  1244
12 ,  230
12 ,  109
11 ,  234
15 ,  376
10 ,  173
12 ,  127
14 ,  382
18 ,  293
24 ,  5560
15 ,  831
10 ,  138
10 ,  284
14 ,  251
14 ,  845
16 ,  1683
15 ,  785
11 ,  54
13 ,  144
11 ,  215
4 ,  48
15 ,  607
12 ,  115
17 ,  758
18 ,  4261
12 ,  115
9 ,  122
9 ,  71
17 ,  234
14 ,  205
8 ,  175
9 ,  135
10 ,  225
7 ,  115
11 ,  291
25 ,  1497
12 ,  216
11 ,  137
10 ,  162
16 ,  497
10 ,  424
17 ,  685
11 ,  148
14 ,  246
8 ,  154
16 ,  570
13 ,  188
17 ,  758
13 ,  369
12 ,  250
11 ,  134
7 ,  74
21 ,  2837
12 ,  177
10 ,  364
16 ,  882
13 ,  407
11 ,  146
7 ,  91
19 ,  8210
12 ,  919
10 ,  206
10 ,  113
8 ,  106
18 ,  2016
15 ,  176
15 ,  1091
12 ,  329
6 ,  66
12 ,  355
12 ,  95
31 ,  49357
16 ,  1597
21 ,  1353
12 ,  97
37 ,  558271
14 ,  456
13 ,  369
13 ,  139
9 ,  150
13 ,  193
16 ,  1367
12 ,  56
12 ,  181
21 ,  1233
17 ,  299
13 ,  208
13 ,  108
12 ,  397
3 ,  43
9 ,  75
14 ,  530
8 ,  49
12 ,  148
12 ,  228
9 ,  116
14 ,  269
16 ,  306
11 ,  203
19 ,  2791
22 ,  1977
22 ,  3777
9 ,  100
18 ,  2435
10 ,  100
17 ,  1683
8 ,  68
4 ,  31
24 ,  2485
10 ,  213
10 ,  238
13 ,  168
13 ,  373
7 ,  64
17 ,  1031
12 ,  181
10 ,  285
12 ,  141
10 ,  167
4 ,  48
10 ,  274
8 ,  135
29 ,  30633
8 ,  151
11 ,  164
24 ,  1889
18 ,  1859
27 ,  11193
13 ,  374
13 ,  450
14 ,  465
11 ,  128
9 ,  94
9 ,  144
14 ,  426
20 ,  1733
12 ,  139
12 ,  346
8 ,  82
10 ,  98
8 ,  77
17 ,  348
13 ,  184
19 ,  5534
9 ,  131
11 ,  179
37 ,  11133
14 ,  943
10 ,  186
8 ,  130
14 ,  200
9 ,  83
13 ,  614
13 ,  467
9 ,  117
12 ,  156
4 ,  41
9 ,  178
6 ,  67
11 ,  147
20 ,  2073
14 ,  607
16 ,  159
8 ,  126
10 ,  353
18 ,  2382
13 ,  169
25 ,  1663
6 ,  60
11 ,  570
20 ,  238
8 ,  102
16 ,  743
11 ,  111
5 ,  41
32 ,  21377
14 ,  265
13 ,  310
6 ,  55
18 ,  553
7 ,  73
8 ,  167
2 ,  26
13 ,  169
13 ,  271
15 ,  264
12 ,  426
13 ,  127
18 ,  394
15 ,  558
7 ,  85
9 ,  85
29 ,  8988
9 ,  191
26 ,  7972
20 ,  369
9 ,  91
6 ,  54
13 ,  191
16 ,  571
17 ,  941
25 ,  5283
39 ,  27631
19 ,  2989
7 ,  66
20 ,  2229
11 ,  187
15 ,  176
15 ,  778
14 ,  1003
6 ,  49
9 ,  264
11 ,  166
9 ,  136
10 ,  211
20 ,  287
24 ,  3071
21 ,  2048
17 ,  1178
11 ,  82
18 ,  2481
13 ,  496
12 ,  244
5 ,  56
7 ,  65
7 ,  71
28 ,  16575
9 ,  199
8 ,  73
8 ,  99
12 ,  181
9 ,  97
14 ,  311
19 ,  9525
7 ,  98
18 ,  437
7 ,  79
18 ,  442
11 ,  205
7 ,  55
24 ,  2836
14 ,  579
22 ,  2599
11 ,  203
14 ,  81
15 ,  320
18 ,  601
12 ,  239
12 ,  117
16 ,  687
12 ,  294
8 ,  83
10 ,  63
14 ,  557
18 ,  4357
9 ,  103
18 ,  720
6 ,  70
11 ,  115
27 ,  102361
9 ,  202
9 ,  130
29 ,  2655
5 ,  45
7 ,  89
12 ,  206
7 ,  66
6 ,  54
22 ,  1162
7 ,  75
8 ,  66
9 ,  81
14 ,  164
7 ,  41
11 ,  160
7 ,  71
12 ,  265
8 ,  106
5 ,  60
12 ,  171
14 ,  757
16 ,  226
17 ,  712
8 ,  63
17 ,  738
8 ,  77
12 ,  92
10 ,  239
4 ,  41
11 ,  185
12 ,  241
19 ,  1072
12 ,  159
6 ,  49
7 ,  72
12 ,  176
14 ,  205
11 ,  36
13 ,  366
21 ,  5675
10 ,  140
5 ,  41
19 ,  1126
19 ,  247
11 ,  323
43 ,  181330
13 ,  207
10 ,  166
9 ,  90
9 ,  97
7 ,  71
6 ,  88
21 ,  1613
7 ,  81
20 ,  7894
19 ,  1165
14 ,  420
8 ,  109
7 ,  86
9 ,  101
13 ,  485
10 ,  99
11 ,  249
8 ,  88
8 ,  180
11 ,  161
16 ,  668
13 ,  192
10 ,  209
13 ,  103
14 ,  370
12 ,  301
9 ,  101
22 ,  5403
17 ,  1221
4 ,  64
12 ,  454
13 ,  287
12 ,  319
13 ,  465
10 ,  265
15 ,  163
17 ,  953
4 ,  57
8 ,  107
6 ,  63
11 ,  182
13 ,  307
22 ,  364
12 ,  123
12 ,  273
10 ,  60
7 ,  100
7 ,  77
13 ,  178
16 ,  527
8 ,  138
13 ,  359
11 ,  174
21 ,  3515
8 ,  136
12 ,  263
7 ,  83
12 ,  473
18 ,  1273
13 ,  144
18 ,  1357
11 ,  158
14 ,  324
10 ,  87
23 ,  13484
15 ,  559
5 ,  45
17 ,  552
11 ,  190
11 ,  294
16 ,  1878
21 ,  3661
13 ,  170
16 ,  1249
10 ,  86
11 ,  52
11 ,  163
11 ,  502
7 ,  148
15 ,  782
16 ,  352
10 ,  158
9 ,  119
11 ,  297
7 ,  138
19 ,  1154
24 ,  20772
13 ,  145
11 ,  247
16 ,  372
17 ,  325
16 ,  589
11 ,  191
15 ,  215
17 ,  2234
17 ,  1273
10 ,  152
12 ,  243
11 ,  686
11 ,  163
11 ,  318
12 ,  135
13 ,  147
20 ,  3812
33 ,  46218
14 ,  194
9 ,  134
19 ,  1295
14 ,  345
14 ,  311
11 ,  270
12 ,  41
14 ,  389
12 ,  179
18 ,  434
21 ,  598
14 ,  786
16 ,  333
14 ,  113
11 ,  488
7 ,  113
9 ,  67
16 ,  495
13 ,  200
20 ,  602
13 ,  124
12 ,  189
12 ,  255
13 ,  100
14 ,  688
5 ,  54
17 ,  620
14 ,  340
34 ,  13385
8 ,  148
10 ,  190
15 ,  890
10 ,  98
18 ,  694
20 ,  1835
11 ,  160
15 ,  549
14 ,  337
18 ,  2429
10 ,  246
4 ,  27
24 ,  6845
17 ,  1352
8 ,  101
6 ,  68
6 ,  77
20 ,  3349
21 ,  2218
3 ,  38
4 ,  40
17 ,  1483
17 ,  310
14 ,  860
17 ,  1423
11 ,  325
10 ,  229
12 ,  371
9 ,  50
11 ,  73
9 ,  157
14 ,  385
19 ,  1076
12 ,  126
10 ,  137
12 ,  195
8 ,  62
12 ,  945
14 ,  250
18 ,  414
10 ,  270
15 ,  639
15 ,  149
12 ,  185
11 ,  91
5 ,  60
14 ,  612
10 ,  128
12 ,  425
37 ,  234247
14 ,  340
13 ,  632
9 ,  186
7 ,  63
21 ,  339
7 ,  139
11 ,  73
10 ,  204
12 ,  136
10 ,  110
11 ,  109
13 ,  283
12 ,  265
6 ,  34
16 ,  724
24 ,  2491
7 ,  83
16 ,  395
8 ,  51
15 ,  246
15 ,  325
12 ,  178
17 ,  817
8 ,  59
21 ,  1619
9 ,  132
9 ,  179
9 ,  101
13 ,  228
18 ,  1347
8 ,  166
3 ,  30
11 ,  136
15 ,  319
17 ,  698
15 ,  786
8 ,  100
13 ,  154
13 ,  279
11 ,  131
11 ,  196
14 ,  232
18 ,  446
19 ,  1399
18 ,  786
22 ,  5053
10 ,  329
19 ,  4975
11 ,  109
11 ,  212
6 ,  80
16 ,  132
14 ,  216
16 ,  786
10 ,  229
11 ,  75
14 ,  150
16 ,  905
13 ,  311
6 ,  54
12 ,  545
6 ,  78
17 ,  1257
9 ,  310
8 ,  195
22 ,  5457
7 ,  101
21 ,  6542
23 ,  2523
17 ,  962
15 ,  822
19 ,  776
16 ,  293
19 ,  1675
16 ,  165
10 ,  145
22 ,  818
5 ,  58
11 ,  88
10 ,  180
18 ,  395
23 ,  1912
12 ,  337
7 ,  108
11 ,  358
25 ,  1692
22 ,  1692
12 ,  190
12 ,  371
8 ,  77
29 ,  48
14 ,  325
6 ,  56
11 ,  196
19 ,  1535
8 ,  100
13 ,  157
11 ,  287
23 ,  2620
11 ,  173
11 ,  539
11 ,  293
33 ,  15498
13 ,  502
18 ,  3998
15 ,  320
6 ,  57
9 ,  116
24 ,  1009
9 ,  86
13 ,  347
10 ,  405
13 ,  123
19 ,  1040
5 ,  35
10 ,  145
10 ,  84
10 ,  231
12 ,  192
14 ,  784
17 ,  512
10 ,  103
17 ,  281
5 ,  83
14 ,  398
4 ,  46
18 ,  826
12 ,  219
9 ,  204
9 ,  162
11 ,  103
14 ,  349
16 ,  294
11 ,  470
17 ,  753
9 ,  79
29 ,  5621
11 ,  118
12 ,  113
13 ,  445
17 ,  372
15 ,  614
13 ,  243
12 ,  252
15 ,  252
33 ,  10420
18 ,  922
10 ,  71
11 ,  158
12 ,  57
15 ,  237
5 ,  39
19 ,  2278
8 ,  138
14 ,  915
11 ,  205
11 ,  146
11 ,  265
15 ,  125
13 ,  196
19 ,  2522
20 ,  867
13 ,  140
11 ,  148
11 ,  149
10 ,  211
9 ,  92
7 ,  130
6 ,  68
8 ,  49
8 ,  130
12 ,  522
8 ,  113
16 ,  475
11 ,  70
9 ,  75
16 ,  995
15 ,  282
12 ,  195
12 ,  188
9 ,  127
11 ,  176
12 ,  311
6 ,  71
10 ,  122
14 ,  267
17 ,  160
20 ,  3527
11 ,  122
20 ,  1488
9 ,  273
4 ,  30
13 ,  697
8 ,  108
13 ,  368
11 ,  321
19 ,  1006
18 ,  1044
14 ,  285
8 ,  130
26 ,  3804
14 ,  320
10 ,  202
12 ,  403
26 ,  2639
12 ,  265
8 ,  83
12 ,  319
10 ,  124
15 ,  316
12 ,  274
14 ,  197
15 ,  417
6 ,  133
9 ,  137
11 ,  166
10 ,  142
16 ,  174
8 ,  184
12 ,  479
11 ,  186
8 ,  84
9 ,  118
10 ,  154
8 ,  86
5 ,  44
20 ,  1752
14 ,  748
5 ,  58
17 ,  1932
18 ,  462
9 ,  168
16 ,  644
23 ,  1914
16 ,  1982
17 ,  1141
10 ,  77
12 ,  418
34 ,  34164
30 ,  12103
9 ,  149
11 ,  104
20 ,  1018
13 ,  1074
9 ,  224
17 ,  750
12 ,  216
15 ,  1594
11 ,  106
16 ,  588
14 ,  220
11 ,  111
18 ,  906
25 ,  1123
8 ,  146
8 ,  83
14 ,  308
12 ,  366
13 ,  120
13 ,  189
13 ,  78
9 ,  78
12 ,  321
12 ,  301
13 ,  829
15 ,  233
8 ,  106
9 ,  198
7 ,  115
11 ,  119
10 ,  51
14 ,  279
12 ,  141
10 ,  183
18 ,  669
12 ,  457
10 ,  142
16 ,  261
12 ,  37
11 ,  190
16 ,  281
13 ,  209
17 ,  841
10 ,  178
15 ,  542
21 ,  8477
18 ,  1757
19 ,  296
16 ,  118
10 ,  114
4 ,  47
8 ,  64
15 ,  290
22 ,  4260
6 ,  74
14 ,  303
11 ,  218
11 ,  107
11 ,  78
10 ,  427
18 ,  465
13 ,  119
18 ,  2368
28 ,  4125
11 ,  161
10 ,  82
6 ,  62
16 ,  732
18 ,  749
16 ,  484
11 ,  316
10 ,  159
8 ,  112
7 ,  107
23 ,  5091
7 ,  120
9 ,  122
10 ,  260
10 ,  164
12 ,  217
23 ,  1487
14 ,  382
15 ,  110
14 ,  348
19 ,  249
18 ,  382
11 ,  146
35 ,  31316
26 ,  888
8 ,  123
10 ,  180
10 ,  215
24 ,  331
18 ,  1062
15 ,  240
9 ,  172
8 ,  83
12 ,  301
19 ,  495
11 ,  117
9 ,  96
17 ,  997
9 ,  88
13 ,  555
18 ,  2103
20 ,  1030
11 ,  37
15 ,  803
13 ,  243
16 ,  329
10 ,  177
11 ,  172
11 ,  324
11 ,  385
18 ,  1357
13 ,  308
4 ,  41
7 ,  65
14 ,  539
7 ,  59
27 ,  7831
6 ,  95
22 ,  2733
6 ,  61
16 ,  314
12 ,  304
7 ,  72
6 ,  84
16 ,  2472
8 ,  110
21 ,  382
13 ,  280
21 ,  1143
15 ,  685
10 ,  82
8 ,  194
7 ,  83
12 ,  153
12 ,  73
11 ,  102
14 ,  327
4 ,  40
9 ,  191
13 ,  428
17 ,  174
13 ,  714
9 ,  57
13 ,  220
12 ,  182
19 ,  1021
19 ,  1239
36 ,  96161
12 ,  221
11 ,  195
8 ,  80
12 ,  201
7 ,  61
11 ,  165
12 ,  148
18 ,  215
16 ,  1497
12 ,  201
15 ,  988
23 ,  4405
11 ,  86
9 ,  84
12 ,  208
11 ,  190
6 ,  54
10 ,  95
17 ,  87
9 ,  95
19 ,  1932
17 ,  124
10 ,  121
14 ,  180
9 ,  47
10 ,  194
14 ,  203
21 ,  347
5 ,  60
11 ,  354
13 ,  110
9 ,  67
10 ,  151
13 ,  562
17 ,  1091
10 ,  127
12 ,  272
18 ,  992
8 ,  169
8 ,  119
10 ,  95
7 ,  72
13 ,  247
15 ,  400
9 ,  118
13 ,  124
10 ,  154
28 ,  32035
17 ,  1096
17 ,  640
6 ,  60
9 ,  178
18 ,  520
15 ,  441
17 ,  542
17 ,  176
21 ,  1608
10 ,  206
10 ,  153
16 ,  355
9 ,  148
13 ,  87
16 ,  889
15 ,  323
7 ,  65
27 ,  2742
10 ,  92
14 ,  538
23 ,  4334
16 ,  905
9 ,  86
6 ,  67
12 ,  306
24 ,  4791
20 ,  966
7 ,  96
11 ,  271
23 ,  1273
10 ,  93
13 ,  275
14 ,  115
14 ,  266
17 ,  1677
17 ,  827
12 ,  213
12 ,  194
17 ,  672
15 ,  739
11 ,  499
14 ,  279
17 ,  333
12 ,  741
11 ,  154
15 ,  857
17 ,  880
7 ,  66
14 ,  263
14 ,  519
9 ,  124
19 ,  6105
22 ,  7283
13 ,  654
25 ,  9975
13 ,  146
15 ,  541
16 ,  437
10 ,  225
16 ,  1888
11 ,  295
15 ,  566
10 ,  140
22 ,  5140
19 ,  1816
9 ,  73
15 ,  469
10 ,  305
11 ,  123
14 ,  521
13 ,  360
11 ,  369
16 ,  879
13 ,  646
5 ,  59
14 ,  188
10 ,  84
9 ,  178
12 ,  267
10 ,  158
10 ,  156
13 ,  330
16 ,  971
8 ,  53
8 ,  137
20 ,  549
21 ,  683
26 ,  17271
12 ,  69
14 ,  628
12 ,  265
10 ,  74
9 ,  111
13 ,  112
8 ,  59
21 ,  792
10 ,  254
30 ,  3326
17 ,  770
10 ,  127
8 ,  197
11 ,  170
12 ,  441
9 ,  55
13 ,  204
11 ,  238
10 ,  72
8 ,  65
14 ,  586
17 ,  978
11 ,  321
11 ,  330
13 ,  291
23 ,  4022
23 ,  3441
10 ,  168
14 ,  323
16 ,  893
7 ,  70
9 ,  206
18 ,  1203
12 ,  246
19 ,  754
19 ,  373
8 ,  75
12 ,  376
9 ,  125
17 ,  359
12 ,  236
9 ,  68
16 ,  469
5 ,  43
17 ,  115
21 ,  305
11 ,  72
7 ,  43
18 ,  3237
14 ,  105
22 ,  2607
16 ,  195
20 ,  661
12 ,  159
11 ,  89
19 ,  452
14 ,  376
26 ,  4183
7 ,  120
11 ,  506
41 ,  138338
14 ,  126
13 ,  233
10 ,  124
3 ,  26
11 ,  126
11 ,  82
9 ,  146
11 ,  67
18 ,  307
22 ,  897
13 ,  88
23 ,  489
29 ,  1150
13 ,  374
20 ,  4710
12 ,  148
10 ,  165
20 ,  629
13 ,  233
4 ,  33
22 ,  1890
9 ,  141
13 ,  115
15 ,  194
11 ,  237
13 ,  284
17 ,  449
9 ,  91
15 ,  378
11 ,  130
17 ,  703
21 ,  3896
22 ,  536
11 ,  142
21 ,  2472
13 ,  404
15 ,  467
14 ,  518
12 ,  132
8 ,  57
17 ,  308
21 ,  6568
10 ,  194
6 ,  74
6 ,  65
10 ,  118
18 ,  1087
9 ,  95
12 ,  282
6 ,  74
8 ,  99
27 ,  5735
19 ,  1341
5 ,  88
11 ,  341
9 ,  70
6 ,  45
9 ,  172
11 ,  236
11 ,  188
12 ,  181
7 ,  82
31 ,  5682
14 ,  76
12 ,  379
10 ,  327
6 ,  59
14 ,  462
17 ,  469
20 ,  999
10 ,  192
9 ,  89
8 ,  93
9 ,  150
12 ,  887
18 ,  2171
9 ,  128
9 ,  86
13 ,  278
12 ,  99
13 ,  147
13 ,  103
6 ,  59
10 ,  121
8 ,  76
41 ,  332246
12 ,  306
9 ,  115
10 ,  139
9 ,  78
19 ,  1102
16 ,  220
4 ,  41
14 ,  705
17 ,  5365
11 ,  274
10 ,  141
19 ,  265
9 ,  114
11 ,  74
9 ,  137
8 ,  86
8 ,  95
12 ,  111
8 ,  171
11 ,  104
12 ,  366
14 ,  325
9 ,  115
7 ,  47
21 ,  9772
13 ,  202
8 ,  87
20 ,  967
13 ,  499
14 ,  189
15 ,  130
16 ,  374
11 ,  222
18 ,  695
11 ,  206
13 ,  448
10 ,  154
11 ,  190
25 ,  20485
17 ,  1472
14 ,  435
10 ,  110
16 ,  843
12 ,  164
14 ,  565
7 ,  115
13 ,  466
11 ,  383
8 ,  32
23 ,  1528
8 ,  86
18 ,  76
15 ,  697
14 ,  372
7 ,  88
8 ,  59
25 ,  5332
33 ,  7542
6 ,  71
11 ,  209
14 ,  597
12 ,  377
7 ,  102
11 ,  239
9 ,  130
6 ,  57
8 ,  49
11 ,  240
16 ,  565
16 ,  1341
8 ,  111
21 ,  1571
14 ,  440
6 ,  64
17 ,  568
17 ,  131
7 ,  105
10 ,  62
8 ,  105
16 ,  1281
12 ,  192
16 ,  232
13 ,  287
9 ,  186
14 ,  361
13 ,  332
13 ,  440
17 ,  463
16 ,  751
14 ,  628
21 ,  1013
18 ,  1266
9 ,  140
19 ,  632
14 ,  283
13 ,  244
14 ,  335
6 ,  88
7 ,  119
18 ,  559
7 ,  158
17 ,  696
13 ,  164
7 ,  132
10 ,  102
22 ,  1762
9 ,  58
17 ,  509
11 ,  164
14 ,  245
12 ,  35
30 ,  29540
6 ,  77
15 ,  238
13 ,  326
10 ,  206
12 ,  158
15 ,  255
20 ,  115
14 ,  495
16 ,  128
16 ,  1151
16 ,  507
5 ,  48
11 ,  87
12 ,  198
14 ,  808
13 ,  1563
19 ,  419
30 ,  10170
10 ,  99
4 ,  41
13 ,  146
8 ,  99
10 ,  288
13 ,  827
18 ,  1390
18 ,  1662
7 ,  69
9 ,  98
15 ,  209
10 ,  96
30 ,  2767
15 ,  522
8 ,  71
30 ,  2985
13 ,  198
17 ,  555
15 ,  819
11 ,  133
10 ,  75
16 ,  714
10 ,  130
21 ,  1202
15 ,  233
21 ,  367
23 ,  12811
19 ,  2369
9 ,  78
6 ,  54
20 ,  298
26 ,  19245
18 ,  748
7 ,  61
14 ,  332
35 ,  41744
12 ,  242
14 ,  287
6 ,  60
7 ,  74
11 ,  218
8 ,  75
21 ,  5891
10 ,  103
14 ,  296
15 ,  666
14 ,  240
11 ,  324
20 ,  2808
13 ,  186
12 ,  470
10 ,  168
19 ,  5479
9 ,  118
15 ,  971
16 ,  890
13 ,  374
7 ,  62
16 ,  639
14 ,  865
17 ,  221
15 ,  164
11 ,  310
11 ,  206
11 ,  242
18 ,  1498
17 ,  3028
10 ,  251
10 ,  121
11 ,  381
10 ,  298
10 ,  146
20 ,  990
15 ,  604
8 ,  121
30 ,  60633
11 ,  230
17 ,  1507
35 ,  359536
12 ,  75
9 ,  131
19 ,  1138
11 ,  352
11 ,  333
6 ,  58
14 ,  337
28 ,  11972
13 ,  254
13 ,  141
14 ,  567
9 ,  81
12 ,  152
19 ,  553
14 ,  531
14 ,  171
19 ,  1139
14 ,  541
12 ,  183
18 ,  661
13 ,  193
6 ,  81
9 ,  48
18 ,  251
15 ,  417
4 ,  47
13 ,  132
14 ,  1342
9 ,  123
7 ,  83
12 ,  378
7 ,  94
18 ,  199
11 ,  156
16 ,  367
20 ,  729
20 ,  2574
7 ,  65
14 ,  297
8 ,  33
9 ,  173
18 ,  1299
9 ,  150
23 ,  9844
11 ,  298
2 ,  35
19 ,  5047
8 ,  105
9 ,  169
17 ,  2059
8 ,  113
15 ,  1159
19 ,  960
15 ,  700
19 ,  2017
34 ,  17540
10 ,  113
22 ,  994
28 ,  6832
12 ,  148
10 ,  150
7 ,  74
16 ,  790
17 ,  2002
7 ,  114
9 ,  178
11 ,  337
11 ,  269
16 ,  996
17 ,  341
26 ,  13656
13 ,  192
9 ,  122
10 ,  440
7 ,  112
6 ,  59
16 ,  277
21 ,  3997
7 ,  83
10 ,  202
22 ,  1414
11 ,  117
16 ,  58
9 ,  128
6 ,  63
26 ,  4270
16 ,  248
13 ,  270
10 ,  160
16 ,  905
18 ,  1235
13 ,  150
11 ,  140
10 ,  167
14 ,  402
6 ,  100
16 ,  207
11 ,  321
15 ,  277
6 ,  55
9 ,  111
14 ,  311
11 ,  207
8 ,  96
12 ,  109
12 ,  403
7 ,  85
12 ,  341
20 ,  2459
15 ,  73
17 ,  338
12 ,  357
7 ,  107
10 ,  210
11 ,  173
13 ,  206
9 ,  143
10 ,  162
13 ,  218
8 ,  79
8 ,  63
10 ,  142
13 ,  164
12 ,  425
13 ,  594
13 ,  442
8 ,  168
13 ,  136
18 ,  1730
17 ,  831
17 ,  887
11 ,  121
12 ,  462
17 ,  745
12 ,  348
14 ,  176
15 ,  182
23 ,  4727
13 ,  157
19 ,  408
9 ,  113
20 ,  2558
18 ,  1634
12 ,  244
5 ,  55
13 ,  127
9 ,  68
20 ,  508
11 ,  343
11 ,  203
13 ,  285
10 ,  105
12 ,  176
9 ,  223
13 ,  284
12 ,  127
10 ,  47
9 ,  193
9 ,  74
23 ,  4141
13 ,  694
16 ,  622
10 ,  228
19 ,  4190
16 ,  661
12 ,  251
18 ,  457
32 ,  10814
10 ,  141
7 ,  44
20 ,  2301
8 ,  93
14 ,  241
17 ,  1025
13 ,  245
31 ,  10546
9 ,  124
15 ,  277
11 ,  203
12 ,  254
7 ,  135
18 ,  783
17 ,  953
8 ,  167
16 ,  358
9 ,  130
15 ,  356
9 ,  109
12 ,  216
14 ,  323
7 ,  64
17 ,  1614
18 ,  519
6 ,  49
15 ,  515
12 ,  282
9 ,  121
8 ,  123
9 ,  89
11 ,  317
23 ,  4121
7 ,  100
12 ,  518
14 ,  1261
15 ,  2261
9 ,  176
19 ,  434
12 ,  203
9 ,  177
6 ,  64
22 ,  2024
7 ,  53
7 ,  98
20 ,  1166
26 ,  18102
35 ,  146443
28 ,  3317
15 ,  129
17 ,  199
3 ,  27
13 ,  239
9 ,  83
13 ,  319
14 ,  544
10 ,  35
9 ,  80
16 ,  390
19 ,  299
4 ,  40
14 ,  51
11 ,  107
14 ,  317
18 ,  312
15 ,  784
10 ,  150
22 ,  1235
14 ,  976
12 ,  206
10 ,  159
20 ,  3196
14 ,  260
23 ,  2510
16 ,  261
7 ,  129
11 ,  390
15 ,  311
17 ,  209
12 ,  309
8 ,  56
6 ,  57
14 ,  414
13 ,  177
13 ,  416
18 ,  1203
14 ,  343
12 ,  121
10 ,  174
14 ,  648
9 ,  149
13 ,  202
8 ,  116
22 ,  2332
18 ,  190
17 ,  326
6 ,  55
8 ,  67
7 ,  88
9 ,  96
9 ,  262
10 ,  128
10 ,  140
20 ,  1325
16 ,  646
10 ,  154
10 ,  97
7 ,  87
17 ,  279
18 ,  1964
13 ,  330
14 ,  115
25 ,  19561
12 ,  316
15 ,  435
11 ,  445
22 ,  1580
18 ,  1044
19 ,  787
9 ,  110
7 ,  91
14 ,  340
12 ,  343
14 ,  392
14 ,  345
15 ,  487
13 ,  101
28 ,  4562
13 ,  190
12 ,  738
13 ,  165
14 ,  75
5 ,  51
5 ,  43
14 ,  355
32 ,  22399
22 ,  477
9 ,  83
9 ,  70
37 ,  32412
13 ,  558
12 ,  46
16 ,  834
17 ,  430
11 ,  165
12 ,  173
13 ,  434
10 ,  87
14 ,  218
6 ,  71
13 ,  138
15 ,  1205
17 ,  544
9 ,  76
16 ,  860
12 ,  256
16 ,  2433
19 ,  264
10 ,  267
8 ,  120
7 ,  66
7 ,  69
12 ,  546
27 ,  875
10 ,  98
34 ,  9422
8 ,  159
28 ,  39120
13 ,  216
21 ,  2526
19 ,  587
15 ,  369
8 ,  72
18 ,  1218
15 ,  1649
9 ,  101
11 ,  428
19 ,  489
13 ,  137
6 ,  87
17 ,  695
8 ,  69
20 ,  6620
20 ,  518
8 ,  111
9 ,  56
6 ,  99
15 ,  725
21 ,  1613
21 ,  7260
9 ,  90
17 ,  369
5 ,  46
16 ,  1427
14 ,  646
10 ,  130
8 ,  87
15 ,  91
11 ,  127
10 ,  133
16 ,  569
17 ,  414
14 ,  554
9 ,  70
9 ,  81
9 ,  116
8 ,  92
16 ,  641
10 ,  148
16 ,  326
13 ,  270
15 ,  118
6 ,  111
22 ,  3466
13 ,  276
9 ,  104
11 ,  86
11 ,  169
10 ,  92
8 ,  99
10 ,  118
14 ,  610
10 ,  140
12 ,  260
6 ,  74
10 ,  97
15 ,  105
12 ,  260
13 ,  626
16 ,  800
7 ,  72
11 ,  199
17 ,  494
15 ,  333
10 ,  158
8 ,  126
15 ,  285
13 ,  219
7 ,  100
11 ,  164
6 ,  81
13 ,  385
11 ,  150
16 ,  695
13 ,  288
10 ,  106
13 ,  379
15 ,  934
9 ,  172
25 ,  9677
9 ,  161
17 ,  657
11 ,  294
12 ,  198
10 ,  122
8 ,  88
16 ,  743
10 ,  103
21 ,  2842
10 ,  182
18 ,  320
10 ,  100
8 ,  71
9 ,  92
11 ,  177
13 ,  251
11 ,  235
4 ,  47
12 ,  385
10 ,  279
12 ,  84
6 ,  65
9 ,  69
12 ,  178
14 ,  285
18 ,  151
11 ,  369
4 ,  34
15 ,  1088
21 ,  9127
26 ,  691
7 ,  70
12 ,  360
25 ,  8280
22 ,  5359
15 ,  228
14 ,  231
8 ,  105
11 ,  343
11 ,  338
13 ,  85
9 ,  81
16 ,  635
13 ,  574
30 ,  1163
11 ,  181
21 ,  470
13 ,  851
11 ,  65
8 ,  126
22 ,  2769
12 ,  152
11 ,  462
22 ,  10795
16 ,  1030
27 ,  53049
9 ,  49
15 ,  575
18 ,  966
21 ,  613
13 ,  359
8 ,  61
18 ,  697
14 ,  261
16 ,  493
14 ,  109
11 ,  36
22 ,  5648
18 ,  367
10 ,  86
18 ,  1330
11 ,  139
17 ,  596
10 ,  351
11 ,  179
15 ,  364
18 ,  218
10 ,  80
4 ,  40
3 ,  25
7 ,  41
15 ,  1131
16 ,  281
19 ,  369
17 ,  1511
10 ,  97
17 ,  554
8 ,  61
12 ,  172
10 ,  89
13 ,  125
16 ,  302
13 ,  335
9 ,  85
18 ,  972
17 ,  1698
19 ,  462
13 ,  240
16 ,  1144
15 ,  1152
8 ,  114
10 ,  145
10 ,  169
17 ,  605
14 ,  485
22 ,  1000
7 ,  97
9 ,  158
7 ,  74
11 ,  85
8 ,  72
15 ,  195
26 ,  595
11 ,  333
9 ,  95
14 ,  127
14 ,  350
7 ,  113
32 ,  13411
10 ,  200
6 ,  55
8 ,  99
41 ,  240102
15 ,  497
20 ,  606
25 ,  945
13 ,  329
9 ,  92
10 ,  165
14 ,  236
17 ,  343
9 ,  121
14 ,  120
12 ,  260
14 ,  542
PASS: 0, FAIL: 10037, RATE: 0.0%
